0.005 0
0.015 0
0.025 0
0.035 0
0.045 0
0.055 0
0.065 0
0.075 0
0.085 0
0.095 0
0.105 0
0.115 0
0.125 0
0.135 0
0.145 0
0.155 0
0.165 0
0.175 0
0.185 0
0.195 0
0.205 0
0.215 0
0.225 0
0.235 0
0.245 0
0.255 0
0.265 0
0.275 0
0.285 0
0.295 0
0.305 0
0.315 0
0.325 0
0.335 0
0.345 0
0.355 0
0.365 0
0.375 0
0.385 0
0.395 0
0.405 0
0.415 0
0.425 0
0.435 0
0.445 0
0.455 0
0.465 0
0.475 0
0.485 0
0.495 0
0.505 0
0.515 0
0.525 0
0.535 0
0.545 0
0.555 0
0.565 0
0.575 0
0.585 0
0.595 0
0.605 0
0.615 0
0.625 0
0.635 0
0.645 0
0.655 0
0.665 0
0.675 0
0.685 0
0.695 0
0.705 0
0.715 0
0.725 0
0.735 0
0.745 0
0.755 0
0.765 0
0.775 0
0.785 0
0.795 0
0.805 0
0.815 0
0.825 0
0.835 0
0.845 0
0.855 0
0.865 0
0.875 0
0.885 0
0.895 0
0.905 0
0.915 0
0.925 0
0.935 0
0.945 0
0.955 0
0.965 0
0.975 0
0.985 0
0.995 0
1.005 0
1.015 0
1.025 0
1.035 0
1.045 0
1.055 0
1.065 0
1.075 0
1.085 0
1.095 0
1.105 0
1.115 0
1.125 0
1.135 0
1.145 0
1.155 0
1.165 0
1.175 0
1.185 0
1.195 0
1.205 0
1.215 0
1.225 0
1.235 0
1.245 0
1.255 0
1.265 0
1.275 0
1.285 0
1.295 0
1.305 0
1.315 0
1.325 0
1.335 0
1.345 0
1.355 0
1.365 0
1.375 0
1.385 0
1.395 0
1.405 0
1.415 0
1.425 0
1.435 0
1.445 0
1.455 0
1.465 0
1.475 0
1.485 0
1.495 0
1.505 0
1.515 0
1.525 0
1.535 0
1.545 0
1.555 0
1.565 0
1.575 0
1.585 0
1.595 0
1.605 0
1.615 0
1.625 0
1.635 0
1.645 0
1.655 0
1.665 0
1.675 0
1.685 0
1.695 0
1.705 0
1.715 0
1.725 0
1.735 0
1.745 0
1.755 0
1.765 0
1.775 0
1.785 0
1.795 0
1.805 0
1.815 0
1.825 0
1.835 0
1.845 0
1.855 0
1.865 0
1.875 0
1.885 0
1.895 0
1.905 0
1.915 0
1.925 0
1.935 0
1.945 0
1.955 0
1.965 0
1.975 0
1.985 0
1.995 0
2.005 0
2.015 0
2.025 0
2.035 0
2.045 0
2.055 0
2.065 0
2.075 0
2.085 0
2.095 0
2.105 0
2.115 0
2.125 0
2.135 0
2.145 0
2.155 0
2.165 0
2.175 0
2.185 0
2.195 0
2.205 0
2.215 0
2.225 0
2.235 0
2.245 0
2.255 0
2.265 0
2.275 0
2.285 0
2.295 0
2.305 0
2.315 0
2.325 0
2.335 0
2.345 0
2.355 0
2.365 0
2.375 0
2.385 0
2.395 0
2.405 0
2.415 0
2.425 0
2.435 0
2.445 0
2.455 0
2.465 0
2.475 0
2.485 0
2.495 0
2.505 0
2.515 0
2.525 0
2.535 0
2.545 0
2.555 0
2.565 0
2.575 0
2.585 0
2.595 0
2.605 0
2.615 0
2.625 0
2.635 0
2.645 0
2.655 0
2.665 0
2.675 0
2.685 0
2.695 0
2.705 0
2.715 0
2.725 0
2.735 0
2.745 0
2.755 0
2.765 0
2.775 0
2.785 0
2.795 0
2.805 0
2.815 0
2.825 0
2.835 0
2.845 0
2.855 0
2.865 0
2.875 0
2.885 0
2.895 0
2.905 0
2.915 0
2.925 0
2.935 1.32901e-05
2.945 3.96001e-05
2.955 5.24433e-05
2.965 0.000117203
2.975 0.000297508
2.985 0.000513945
2.995 0.000599859
3.005 0.000900149
3.015 0.00157427
3.025 0.0027149
3.035 0.00386534
3.045 0.0058773
3.055 0.00794873
3.065 0.0115408
3.075 0.0150981
3.085 0.0196195
3.095 0.0273571
3.105 0.0351134
3.115 0.0445986
3.125 0.0575491
3.135 0.0715102
3.145 0.0891124
3.155 0.111724
3.165 0.134676
3.175 0.161846
3.185 0.19365
3.195 0.231199
3.205 0.269648
3.215 0.312654
3.225 0.361143
3.235 0.415842
3.245 0.474787
3.255 0.527879
3.265 0.599021
3.275 0.662784
3.285 0.730292
3.295 0.802178
3.305 0.880162
3.315 0.95465
3.325 1.03508
3.335 1.11583
3.345 1.18823
3.355 1.27022
3.365 1.34573
3.375 1.42958
3.385 1.51692
3.395 1.58817
3.405 1.67047
3.415 1.74492
3.425 1.81901
3.435 1.88536
3.445 1.9515
3.455 2.01783
3.465 2.07258
3.475 2.13856
3.485 2.17908
3.495 2.24965
3.505 2.28655
3.515 2.329
3.525 2.36268
3.535 2.38926
3.545 2.42051
3.555 2.44879
3.565 2.47261
3.575 2.49396
3.585 2.52573
3.595 2.53715
3.605 2.5378
3.615 2.5595
3.625 2.56305
3.635 2.56282
3.645 2.56662
3.655 2.5576
3.665 2.56149
3.675 2.54177
3.685 2.5348
3.695 2.52643
3.705 2.52544
3.715 2.50617
3.725 2.4977
3.735 2.47674
3.745 2.45734
3.755 2.44226
3.765 2.42279
3.775 2.39279
3.785 2.36936
3.795 2.35976
3.805 2.33183
3.815 2.30765
3.825 2.28189
3.835 2.26736
3.845 2.24462
3.855 2.20903
3.865 2.17714
3.875 2.16037
3.885 2.13016
3.895 2.10492
3.905 2.08559
3.915 2.05915
3.925 2.03233
3.935 2.0029
3.945 1.97748
3.955 1.94526
3.965 1.92274
3.975 1.89651
3.985 1.8771
3.995 1.84483
4.005 1.82777
4.015 1.79807
4.025 1.77613
4.035 1.75265
4.045 1.73645
4.055 1.70709
4.065 1.68335
4.075 1.65598
4.085 1.6408
4.095 1.61277
4.105 1.58718
4.115 1.5736
4.125 1.55167
4.135 1.5279
4.145 1.50974
4.155 1.49115
4.165 1.47232
4.175 1.44986
4.185 1.43392
4.195 1.41456
4.205 1.40032
4.215 1.37625
4.225 1.36594
4.235 1.34744
4.245 1.32801
4.255 1.30846
4.265 1.29219
4.275 1.28232
4.285 1.26067
4.295 1.24578
4.305 1.23415
4.315 1.21746
4.325 1.20825
4.335 1.1905
4.345 1.17648
4.355 1.16632
4.365 1.14955
4.375 1.13652
4.385 1.12813
4.395 1.11385
4.405 1.10354
4.415 1.0883
4.425 1.08065
4.435 1.06093
4.445 1.06069
4.455 1.04962
4.465 1.04099
4.475 1.03042
4.485 1.01616
4.495 1.00359
4.505 0.988201
4.515 0.98425
4.525 0.976052
4.535 0.964738
4.545 0.96103
4.555 0.951032
4.565 0.937607
4.575 0.931161
4.585 0.923128
4.595 0.916176
4.605 0.910333
4.615 0.899066
4.625 0.896349
4.635 0.883415
4.645 0.881622
4.655 0.873537
4.665 0.86442
4.675 0.858175
4.685 0.847343
4.695 0.840803
4.705 0.836323
4.715 0.832964
4.725 0.823894
4.735 0.821219
4.745 0.814024
4.755 0.81347
4.765 0.802828
4.775 0.802382
4.785 0.798266
4.795 0.792555
4.805 0.787886
4.815 0.78393
4.825 0.783001
4.835 0.780784
4.845 0.771448
4.855 0.765393
4.865 0.76152
4.875 0.762026
4.885 0.755129
4.895 0.750092
4.905 0.749126
4.915 0.745128
4.925 0.740147
4.935 0.738537
4.945 0.732842
4.955 0.728358
4.965 0.726063
4.975 0.724919
4.985 0.723188
4.995 0.719254
5.005 0.719303
5.015 0.712977
5.025 0.709549
5.035 0.711416
5.045 0.706035
5.055 0.703186
5.065 0.704883
5.075 0.703348
5.085 0.698699
5.095 0.701277
5.105 0.69906
5.115 0.697292
5.125 0.695122
5.135 0.693177
5.145 0.691523
5.155 0.69618
5.165 0.690989
5.175 0.690745
5.185 0.688552
5.195 0.689564
5.205 0.689191
5.215 0.682871
5.225 0.685996
5.235 0.685826
5.245 0.686601
5.255 0.679649
5.265 0.686503
5.275 0.684038
5.285 0.681087
5.295 0.681163
5.305 0.68518
5.315 0.681583
5.325 0.682885
5.335 0.681807
5.345 0.680072
5.355 0.683543
5.365 0.683718
5.375 0.686066
5.385 0.685238
5.395 0.6881
5.405 0.687187
5.415 0.686322
5.425 0.68994
5.435 0.691423
5.445 0.688082
5.455 0.691502
5.465 0.692163
5.475 0.691042
5.485 0.692642
5.495 0.698268
5.505 0.698393
5.515 0.702397
5.525 0.699969
5.535 0.700917
5.545 0.703291
5.555 0.705974
5.565 0.712086
5.575 0.710742
5.585 0.715418
5.595 0.714385
5.605 0.715099
5.615 0.716149
5.625 0.717372
5.635 0.722115
5.645 0.722177
5.655 0.723968
5.665 0.726758
5.675 0.732674
5.685 0.735104
5.695 0.736118
5.705 0.738865
5.715 0.740845
5.725 0.746377
5.735 0.749395
5.745 0.752321
5.755 0.753677
5.765 0.756114
5.775 0.762674
5.785 0.761103
5.795 0.768723
5.805 0.771577
5.815 0.77028
5.825 0.776946
5.835 0.779703
5.845 0.786229
5.855 0.790315
5.865 0.794731
5.875 0.791955
5.885 0.798763
5.895 0.805853
5.905 0.808602
5.915 0.809794
5.925 0.813614
5.935 0.818919
5.945 0.824131
5.955 0.825992
5.965 0.832044
5.975 0.832157
5.985 0.836432
5.995 0.842962
6.005 0.847236
6.015 0.853022
6.025 0.858323
6.035 0.861922
6.045 0.863759
6.055 0.869946
6.065 0.87763
6.075 0.879737
6.085 0.881254
6.095 0.888405
6.105 0.891551
6.115 0.897057
6.125 0.899419
6.135 0.902941
6.145 0.911598
6.155 0.911763
6.165 0.917853
6.175 0.924364
6.185 0.930553
6.195 0.932056
6.205 0.93708
6.215 0.945054
6.225 0.945533
6.235 0.951225
6.245 0.958781
6.255 0.961266
6.265 0.972352
6.275 0.972834
6.285 0.973897
6.295 0.977739
6.305 0.98457
6.315 0.987902
6.325 0.990149
6.335 1.0006
6.345 1.00439
6.355 1.00797
6.365 1.01042
6.375 1.01189
6.385 1.01892
6.395 1.02083
6.405 1.02766
6.415 1.0317
6.425 1.03876
6.435 1.04361
6.445 1.04778
6.455 1.05319
6.465 1.05387
6.475 1.06034
6.485 1.06247
6.495 1.06818
6.505 1.07273
6.515 1.0779
6.525 1.08272
6.535 1.08484
6.545 1.09118
6.555 1.09579
6.565 1.09276
6.575 1.09662
6.585 1.10121
6.595 1.10716
6.605 1.11087
6.615 1.11427
6.625 1.11869
6.635 1.12362
6.645 1.12892
6.655 1.13239
6.665 1.13415
6.675 1.13971
6.685 1.14335
6.695 1.14479
6.705 1.14822
6.715 1.15245
6.725 1.15163
6.735 1.15452
6.745 1.16095
6.755 1.16159
6.765 1.16695
6.775 1.16796
6.785 1.17051
6.795 1.17414
6.805 1.17252
6.815 1.1797
6.825 1.17653
6.835 1.17714
6.845 1.18422
6.855 1.18201
6.865 1.18659
6.875 1.18747
6.885 1.19453
6.895 1.19599
6.905 1.19481
6.915 1.19796
6.925 1.19688
6.935 1.19692
6.945 1.20061
6.955 1.20122
6.965 1.20191
6.975 1.20237
6.985 1.20499
6.995 1.20935
7.005 1.20947
7.015 1.21024
7.025 1.20922
7.035 1.20692
7.045 1.20661
7.055 1.20569
7.065 1.2081
7.075 1.20842
7.085 1.20604
7.095 1.20763
7.105 1.20156
7.115 1.20237
7.125 1.1997
7.135 1.19996
7.145 1.20188
7.155 1.19861
7.165 1.19835
7.175 1.19885
7.185 1.19618
7.195 1.19625
7.205 1.19467
7.215 1.19105
7.225 1.18966
7.235 1.18971
7.245 1.18557
7.255 1.18335
7.265 1.18413
7.275 1.17904
7.285 1.17964
7.295 1.17758
7.305 1.17197
7.315 1.17183
7.325 1.16908
7.335 1.16667
7.345 1.16485
7.355 1.16402
7.365 1.15951
7.375 1.15818
7.385 1.15171
7.395 1.15038
7.405 1.14705
7.415 1.14537
7.425 1.14253
7.435 1.14163
7.445 1.14089
7.455 1.13191
7.465 1.13524
7.475 1.12621
7.485 1.12344
7.495 1.1235
7.505 1.11864
7.515 1.1139
7.525 1.10876
7.535 1.10524
7.545 1.10178
7.555 1.09895
7.565 1.09353
7.575 1.09004
7.585 1.08998
7.595 1.08335
7.605 1.08225
7.615 1.07894
7.625 1.0785
7.635 1.07492
7.645 1.06997
7.655 1.06622
7.665 1.06238
7.675 1.0593
7.685 1.05654
7.695 1.05534
7.705 1.05019
7.715 1.04785
7.725 1.04214
7.735 1.03854
7.745 1.03715
7.755 1.03246
7.765 1.03152
7.775 1.03002
7.785 1.02735
7.795 1.0245
7.805 1.02186
7.815 1.02018
7.825 1.01849
7.835 1.01271
7.845 1.01027
7.855 1.00817
7.865 1.00424
7.875 1.00005
7.885 0.995342
7.895 0.994718
7.905 0.990156
7.915 0.989719
7.925 0.989518
7.935 0.98296
7.945 0.982264
7.955 0.9787
7.965 0.975026
7.975 0.975468
7.985 0.971638
7.995 0.967923
8.005 0.968315
8.015 0.965784
8.025 0.959669
8.035 0.959374
8.045 0.956396
8.055 0.954231
8.065 0.953397
8.075 0.950179
8.085 0.946923
8.095 0.948762
8.105 0.945092
8.115 0.942666
8.125 0.943166
8.135 0.938649
8.145 0.937605
8.155 0.935322
8.165 0.933792
8.175 0.935106
8.185 0.933308
8.195 0.927527
8.205 0.92667
8.215 0.923448
8.225 0.924782
8.235 0.923486
8.245 0.920671
8.255 0.92219
8.265 0.92115
8.275 0.921192
8.285 0.915909
8.295 0.915179
8.305 0.914112
8.315 0.912961
8.325 0.912046
8.335 0.908473
8.345 0.90984
8.355 0.907932
8.365 0.905962
8.375 0.903892
8.385 0.903355
8.395 0.905267
8.405 0.901957
8.415 0.902497
8.425 0.902319
8.435 0.900865
8.445 0.901206
8.455 0.899469
8.465 0.900196
8.475 0.898852
8.485 0.900386
8.495 0.897179