1	0.014623027033	0.003705875633	-0.016353421206
2	0.002904066105	-0.004034827802	0.010735585579
3	0.037027754514	0.013564487216	-0.001782836497
4	-0.109797000666	0.002016712469	0.030640941249
5	0.001317918603	0.004740360707	-0.001930912653
6	-0.052869320881	0.002903266984	-0.083424252194
7	0.033319275717	0.002351217978	-0.017336198291
8	0.009554669232	0.004229636336	0.037567379513
9	-0.041126001607	0.040677459836	0.044909760110
10	-0.021411048967	-0.005784752770	-0.011650815194
11	0.003937245093	-0.010154251407	-0.013216190312
12	0.021185314247	-0.008368125487	0.008784627098
13	-0.000967378750	-0.003764119943	-0.016470241738
14	0.006059494202	-0.016269072040	-0.002339412758
15	0.105939984998	0.194765587407	0.018157036194
16	-0.015248911673	-0.010284699057	-0.044166416653
17	-0.019554106285	0.000874404392	-0.005381943709
18	-0.048536804123	0.033063643736	0.024388469234
19	-0.026384434182	0.048309073659	0.114130932447
20	-0.039509228202	-0.018600981735	0.008985392422
21	-0.015685917648	-0.037654503540	-0.033090629209
22	-0.048185784363	0.012654714253	0.007611943406
23	0.006923905554	0.000914443899	0.000347642984
24	0.034685582511	-0.009928132229	0.016809536772
25	0.050072761927	0.042263829844	-0.001310462297
26	-0.040844283291	0.030145804671	-0.001620255780
27	0.016394362454	0.022641041122	0.012182073850
28	0.049029577998	-0.032516527626	-0.004550430799
29	0.001177977659	-0.024967828946	0.019124029871
30	-0.031155557066	-0.014440802823	0.000374444221
31	0.009901887050	0.005254578442	-0.013023723262
32	0.057660188375	-0.083446023154	-0.103850007041
33	-0.009808860430	0.065226759859	-0.052575218419
34	-0.015696931904	0.113489748130	0.166784139008
35	0.018828992716	-0.001938124966	-0.003685648517
36	0.058618738275	0.035864265684	0.054236479838
37	0.044255054511	-0.023361761786	-0.007577939931
38	-0.007662957697	0.009842213134	-0.036902325494
39	-0.012424370781	0.007977053856	-0.011517945953
40	0.070557313146	0.046191381387	0.057496375863
41	0.016347673761	-0.028142338900	-0.010934913356
42	-0.027034472185	-0.008618945408	0.038284271228
43	0.025853736886	0.013002351920	-0.001637451930
44	0.072242421915	-0.038512346998	-0.048876535968
45	-0.026499460894	0.007989791546	-0.001409213782
46	-0.006527693526	0.006780758895	-0.004441899338
47	-0.108475114973	0.005769436554	0.016204765623
48	0.022202411007	-0.062827036538	-0.016482066525
49	0.029605500077	-0.001001345463	-0.023733514862
50	0.035359171106	0.045229157323	0.055497627541
51	-0.019090140682	-0.053512020041	-0.017404453315
52	-0.006604444695	0.007536124664	0.017773611960
53	0.003025925295	-0.019086549256	-0.038505922021
54	0.010687333575	-0.074468233349	0.006442183968
55	-0.001991482031	-0.029190256990	-0.027712017101
56	0.020639538381	0.064552573862	-0.027741687522
57	0.045575727133	-0.016587235172	0.013442224291
58	0.009616765547	0.009579348684	0.018792492905
59	0.032414685772	-0.029086330605	0.011098020438
60	0.081632973484	0.186122779147	-0.147593434896
61	-0.004343470650	-0.006221757949	-0.021097245316
62	0.006399085971	-0.016077023902	-0.108005802177
63	0.003201767831	-0.014343322609	0.019398112262
64	0.034414995047	0.014898369586	-0.035383445390
65	-0.001325140343	0.002024371305	0.007554332919
66	0.095614198860	0.117230070001	-0.034740424024
67	-0.001656034348	0.011446069117	-0.018306343510
68	0.002992563905	-0.022130616701	0.014940662422
69	-0.026588865281	0.076963713728	0.237612743120
70	-0.064142766483	0.038368012418	0.016326489128
71	-0.001875704913	0.010120919868	-0.079853539506
72	-0.000337549510	-0.116059626910	-0.019526197878
73	0.009833631988	0.031783493094	-0.032805800958
74	0.018355631900	0.025455822121	0.010020442327
75	-0.012874701012	-0.007129727395	0.016550308753
76	0.054857178299	-0.059583725786	-0.017509963158
77	0.036449943678	-0.064037342039	0.002075125679
78	0.002049345212	0.000883582220	0.028533894709
79	0.008941390270	-0.041509556882	0.083907085416
80	-0.040245699602	-0.034732591081	-0.054357716722
81	-0.004580512211	-0.016184801011	0.027217557592
82	0.017400965184	0.010088420031	-0.016370782252
83	-0.054266162055	0.019019846856	0.076609487279
84	-0.007569492833	0.027542607738	-0.047665172139
85	0.016660225322	-0.002766677768	0.035555887555
86	0.004885715327	0.051059489061	-0.028245758286
87	0.027237345320	-0.001687378982	0.045847373968
88	0.022293951840	-0.022714117367	-0.019462390109
89	0.036302011859	-0.044444652134	0.016353842563
90	-0.057445259190	0.032563989710	-0.013791285703
91	0.032008003534	-0.014198953312	0.047609718495
92	0.021909427803	-0.033390130466	-0.060257993861
93	0.009031201716	-0.046000157430	-0.000996029525
94	-0.004321593411	0.002677364610	-0.004826392693
95	0.001643213737	-0.007262104130	0.004022408807
96	0.035633213189	-0.001816703005	0.000476991159
97	-0.111700132774	0.086141683320	0.068344714054
98	-0.018935696424	-0.016124618014	-0.086290403423
99	-0.016354420623	-0.011336114517	0.002454672176
100	0.004780617067	-0.009722904069	-0.010474711117
101	0.003954771541	-0.007981508926	-0.001543851601
102	0.027029829737	0.006238609562	-0.005181699217
103	-0.060393413442	0.062504987147	0.061599228214
104	0.025177235242	0.010986175488	-0.014468193020
105	0.005987105988	-0.022261455485	0.005157349258
106	0.018630603518	0.010472981733	-0.006156608729
107	0.034196193142	-0.019471314743	0.005425256247
108	-0.001691481434	0.011244963845	0.034252576656
109	-0.009902524103	0.010217197035	-0.008833603538
110	-0.041061137438	0.109669903147	0.004435185506
111	0.023566137599	-0.006207859926	-0.018055172674
112	0.016910382713	0.001688968861	0.001235494234
113	-0.001113935576	-0.004876794964	0.006437637134
114	-0.044341178994	-0.036182494787	-0.003351408268
115	0.135008948276	0.106921523486	-0.015024574192
116	-0.006320938131	-0.070245480212	-0.000226844867
117	0.046222654330	0.005427926054	-0.109995245364
118	0.008407756312	0.052912630707	-0.013600154220
119	0.045819018887	0.001945632639	0.040072732640
120	0.004304963945	-0.005904081471	-0.001435068665
121	-0.013605841527	0.005327354948	-0.004505762245
122	-0.037323866214	-0.041043433444	-0.009250877299
123	-0.005100819212	-0.191782341931	0.108810682912
124	-0.013701731814	-0.036572542443	0.003585792272
125	-0.033200054870	0.023133455661	0.006454234964
126	-0.049446392531	0.021411668838	-0.004006842941
127	-0.009089694180	0.027022913067	-0.028210752424
128	-0.033624830275	-0.011842044105	-0.025527596197
129	0.032409604848	-0.003516093568	0.029041960795
130	-0.016173311019	-0.005900394354	-0.007820569934
131	-0.002557805834	0.006006419878	-0.008691957463
132	-0.006904874564	0.004446056045	0.000682747922
133	0.004792702898	0.014177995385	0.012242733532
134	0.003626456076	0.042109062984	0.050295647155
135	-0.016141890471	-0.077278393586	0.057132565516
136	-0.004443793699	-0.024954260495	-0.002094822305
137	0.024177217625	0.040754535208	-0.024429610680
138	0.063430390611	0.049574926082	0.041738241448
139	-0.034835435262	0.005094775764	-0.043477639814
140	0.033883998617	-0.043203609959	0.007618718847
141	0.039631227470	-0.017447326798	0.032627010119
142	-0.053237245774	0.004422804723	-0.085304371031
143	0.011314129463	-0.030445628339	-0.027760400673
144	-0.009135216093	-0.025770637784	0.036151440443
145	0.007506642403	0.008428196599	-0.010295793669
146	-0.029400360408	-0.106203171705	-0.069830697213
147	0.013982301585	0.032747115345	-0.011444759216
148	-0.033138533191	0.040914010235	-0.024425119722
149	-0.070977255040	0.022062335503	0.055162908013
150	-0.074723631070	-0.023216981685	-0.087070346501
151	-0.008780083429	0.011085448953	-0.005196973629
152	-0.003308441278	0.022806837413	-0.013038230832
153	-0.024018955480	-0.008933236982	-0.031372456049
154	-0.003453912639	0.002022434453	0.029130516075
155	-0.073525069367	-0.044702533938	-0.045966787275
156	-0.024002073432	0.074733841157	0.006767374133
157	0.070288274998	-0.094258095975	0.005910176277
158	0.007396310902	0.028249605007	0.025436442024
159	0.029555020901	-0.015757221200	-0.018993243531
160	0.016763418618	0.021259801089	-0.076699199062
161	0.011038752126	-0.027291904311	-0.035290045146
162	-0.027727979095	-0.003200296270	-0.025714708460
163	0.043403889254	-0.081090129108	-0.005141369507
164	-0.024092204794	0.001934260596	-0.009555256025
165	0.041438313232	0.031508117933	0.079437347042
166	-0.065167162907	-0.019061125553	0.076238567767
167	-0.052093840944	0.026530180654	0.015762691844
168	-0.026635497194	-0.016281936961	0.010492243341
169	0.004606826833	0.021361146419	0.051638992830
170	0.022744409522	-0.000069191636	0.025605150102
171	0.023978152854	-0.038724642080	-0.021481246828
172	0.002314934655	0.005174635327	0.044319180404
173	-0.032957656891	0.030464543525	-0.032211022253
174	-0.011943322761	-0.026289946236	0.012390173440
175	0.013057175535	-0.008973793639	-0.001074644862
176	0.019135707162	0.034016974158	0.015041027589
177	0.003222988349	-0.009802172670	0.010850402229
178	0.001538245403	-0.000813874731	0.004523519058
179	-0.000459269696	0.016062244167	-0.031335471027
180	-0.019728807345	-0.016700182632	0.072234571029
181	-0.021441525963	0.003292789067	-0.019825861537
182	0.023766455155	0.117845283847	0.026154497222
183	-0.028736013927	0.059598475009	-0.020176766010
184	-0.000370358829	0.002048345525	-0.028837869124
185	-0.037923119836	0.027460246777	-0.010398897430
186	0.016926831682	-0.034035858475	0.029137115491
187	0.007871516439	0.057648371273	-0.025061055849
188	-0.026687915451	-0.019667503012	-0.031453692207
189	-0.019066347835	0.037105788751	0.029636084389
190	-0.004964532798	0.010629938040	0.026023552208
191	-0.061466128604	0.015397296785	-0.024653361908
192	-0.033113632746	-0.038437905658	0.033275073102
193	-0.010969192650	0.009227902014	-0.002995554519
194	0.035631072769	-0.081708854880	-0.043802809841
195	-0.025699938665	0.034219715543	-0.003189621297
196	-0.006982142439	-0.026461962852	0.024312343916
197	0.021494486259	0.005799317377	0.029636329662
198	-0.039019387727	-0.016732080652	-0.001137244238
199	-0.007304069783	0.002114315092	-0.031118474572
200	0.036049269988	0.024897655229	-0.020390718745
201	-0.062637384259	0.021736909448	-0.046300231337
202	0.002950828009	0.018317027689	-0.008874872312
203	0.018483980844	-0.002693001919	0.004061376991
204	0.020523391818	-0.038798773149	-0.077550902435
205	-0.016276987868	-0.056940027781	0.017191727732
206	-0.005152088608	0.001736033486	-0.010108892758
207	-0.066011445004	-0.018564296281	0.026407091278
208	0.005816035920	-0.013522374219	0.078906769247
209	0.038592125330	-0.092613891484	0.061019364187
210	-0.024226436102	-0.035491815661	0.072611024633
211	0.021208231419	0.035746716848	0.015645189414
212	0.089163534674	0.037225569345	0.065503246109
213	-0.019300198324	-0.038460584319	0.027995099428
214	-0.061878841521	0.007028868877	0.027184151922
215	-0.008734551112	-0.064853761404	-0.073260774315
216	0.050646221127	-0.170882285216	-0.051493743617
217	0.233219142096	0.007802955351	0.083376616706
218	0.020589827748	0.007648890222	-0.004530714673
219	-0.033469732218	0.052307092617	-0.063364874656
220	-0.018418318016	0.057215991638	0.042642613934
221	-0.030574676089	-0.032580478009	0.084337645734
222	-0.005975901307	-0.022440123893	0.000667778009
223	-0.000849587935	0.013587990962	0.004939544445
224	0.006587993355	-0.111119478490	-0.062098602045
225	0.023778847652	0.011788365022	-0.021218043518
226	0.016825218294	-0.019454480664	0.010597019148
227	-0.040385458929	-0.005996397897	0.017361265774
228	-0.046261275148	0.015652728644	-0.010065657830
229	-0.026120415256	0.104982914744	-0.029813570393
230	-0.004499179339	0.018740352060	0.006829706467
231	-0.014645917514	-0.170376058167	-0.028141836585
232	0.002990638775	0.007395115307	-0.005181922544
233	0.075789276074	0.045214753814	-0.067669227802
234	0.037088316475	-0.023269585621	0.044997108038
235	0.054930394092	0.058117140111	-0.078839772399
236	-0.038850642775	-0.018699245990	0.005081499099
237	0.037651409911	-0.019540288933	0.006751900435
238	0.033639610040	-0.031763955255	-0.006578581658
239	0.008577205680	-0.013869125725	-0.048262044935
240	0.021986536789	0.087854380973	-0.087377654579
241	0.003784245513	-0.001049931736	-0.010771658509
242	-0.110946575913	-0.020868820181	-0.008519166162
243	0.007979377809	0.060087268742	-0.009019871522
244	0.017277201393	-0.032736125302	-0.049832209879
245	-0.088363963406	0.009372711027	-0.034873748237
246	-0.002521743296	0.007476725668	-0.006691262137
247	-0.043790687521	0.062730174047	0.024738022905
248	-0.013045944893	0.013865244425	-0.001733005575
249	-0.018036115041	-0.000606171871	-0.036165387458
250	0.017091113618	-0.078539582411	-0.041461657153
251	-0.067859803897	-0.003662975666	-0.025553421756
252	0.017648133616	-0.051853191702	0.000183946776
253	-0.001188315651	-0.055714507287	0.040732691790
254	-0.005618242988	-0.013458501517	-0.019894672430
255	0.005000817564	0.025059381514	0.014556507387
256	0.005129001959	-0.025430510638	-0.042454753467
257	0.023690052288	-0.030905732843	0.027376649631
258	0.004224279145	-0.007130706609	-0.015592235256
259	0.031287546527	-0.001716846580	-0.013507185835
260	0.034144625846	0.038263795149	-0.002304133692
261	-0.029417920934	-0.030719491294	0.078588543202
262	-0.014481155178	-0.003964375888	0.010188808551
263	-0.031536474278	-0.008509726498	-0.017902971838
264	0.073213538163	0.037143948296	0.008608736438
265	0.006078763911	0.059220178851	0.004127440298
266	-0.007377925056	0.077465175662	-0.027265229026
267	0.026817324356	0.010278973404	-0.046655543495
268	-0.009856366654	-0.000602106117	0.003779419896
269	-0.035906619443	-0.046134981160	-0.038464412399
270	0.009223218125	0.005469252795	0.003691985752
271	0.005177529870	-0.004950046551	0.009052475547
272	0.012582828823	-0.014666373615	0.022517193167
273	-0.041480129819	0.022697279542	-0.010342349419
274	-0.031664087189	-0.016945852436	0.001704526379
275	-0.020733482099	-0.040394242643	-0.060652647482
276	0.045508335864	-0.036420742123	-0.030359280784
277	0.010989698453	0.006433027792	-0.011624985971
278	0.017183331255	-0.059107299664	-0.092124286362
279	0.026634577569	0.015263408523	-0.022491333862
280	-0.030565239089	0.069742578031	0.094871524911
281	0.010976712688	0.023593742880	-0.018292442622
282	0.066720145034	0.047027664965	0.042217398245
283	-0.004834733009	-0.001196808274	-0.002706296232
284	0.015612659261	0.020115463157	0.076145285553
285	-0.050480393177	-0.036721832301	-0.072596966750
286	0.015787791287	-0.029195371487	-0.006802494290
287	-0.009863452951	0.008976836092	0.000169831680
288	-0.040006551314	0.078071363351	0.040544816619
289	-0.032502904381	0.023433641993	-0.032218878419
290	-0.003074423335	0.055839162937	-0.009614081143
291	-0.035255610701	0.003122150094	0.015951564413
292	0.022215655023	0.039255186628	-0.024643752173
293	0.063305523517	-0.044383301929	-0.025588846131
294	-0.002528581465	-0.049622321026	-0.011608767351
295	0.012393551621	-0.005157706216	0.008882606345
296	-0.020528573730	0.040267620471	0.117572842088
297	-0.010610002879	-0.004933080643	-0.005074787152
298	0.023686592164	-0.051018376705	0.010173404137
299	0.032878642608	-0.053320564454	0.232609275730
300	0.009706933924	-0.119238285992	-0.036508813768
301	-0.003387162962	-0.011107573197	-0.002130508923
302	-0.021804715908	-0.030001561332	0.052546927147
303	0.032132852218	0.029996702964	0.004300316366
304	0.101478353501	-0.027177312516	0.057800902117
305	0.107334120744	-0.073049691253	-0.066803058106
306	0.025435365097	-0.020537744720	-0.054414761796
307	-0.074540344371	0.050163401894	-0.028520569389
308	0.031001540639	-0.005683686010	-0.043562035320
309	-0.002875722837	-0.004821172504	-0.026715149313
310	0.021262750857	-0.037370594920	0.055410849341
311	0.023914211713	0.010867935467	0.028197976268
312	0.032386195710	0.016055105314	-0.011524368316
313	0.042486820331	0.015823280272	0.007392887126
314	-0.004324051056	0.015351535236	-0.001800424117
315	-0.042166885575	-0.026845857785	-0.060541534862
316	-0.007243581811	0.020625787567	0.007639706985
317	-0.067267772045	-0.026850029088	0.001183281213
318	-0.023558374630	-0.019871140810	0.000627100692
319	0.093247765935	0.061391675644	0.087412753337
320	-0.047677479153	-0.002944515981	0.100630588169
321	-0.004935915362	-0.047422696876	0.018348024794
322	-0.010893814047	0.009083099221	0.012895356330
323	-0.009308250144	-0.010138495642	0.057573716364
324	0.019626169992	0.009254257761	0.000845251481
325	0.008049440527	-0.016123977349	-0.041425733325
326	0.018488855095	-0.076227822909	-0.046642693636
327	0.003151669192	0.031934728446	0.033648746282
328	-0.024680743910	0.000617688897	-0.006403106699
329	-0.000478536170	-0.024502613041	0.005564717694
330	-0.001245138769	-0.000684544489	0.026790871117
331	0.021051228255	0.006682862172	0.008807746825
332	0.176533470776	0.183260485822	-0.057779233838
333	-0.007947130490	-0.002581209145	0.011078886428
334	-0.147267142175	0.182320834101	0.118825235599
335	0.034214404721	-0.028382681924	0.017736053591
336	-0.014037545718	-0.008997236473	-0.065887664378
337	-0.060644383952	0.031835889476	-0.001336268144
338	-0.036745455314	0.084692803343	0.022954150150
339	0.020310013086	0.055851685646	-0.030139848585
340	-0.129789629993	0.006762264731	0.036385877836
341	0.001623928338	-0.002417079554	-0.013246322104
342	0.001246609098	-0.019200467429	-0.010684262214
343	0.013012903145	-0.009196481082	-0.015148564394
344	0.009520152474	0.008054790635	-0.004206452698
345	-0.005332607676	0.001416073973	-0.000653716632
346	0.025042865653	0.044052864347	-0.046831134153
347	-0.030545145663	0.020072891675	-0.096379675760
348	0.018776019801	-0.034957595448	-0.015998902669
349	-0.013290432339	-0.000923041440	-0.010830494189
350	-0.014609598802	-0.021411745052	-0.008604219288
351	-0.006051941258	-0.041869612374	0.037795917558
352	-0.001813746606	-0.009409609014	-0.005969086209
353	-0.011750447703	-0.005575687828	-0.043241391352
354	-0.054582008485	-0.032076869807	0.015336675288
355	0.071654548802	-0.020865380170	0.049347762712
356	0.005143529491	0.000526497030	0.001429177700
357	-0.024022143903	0.008293557456	0.000854797246
358	0.155264351576	0.081136173198	-0.020829350071
359	-0.005953130541	0.009298004109	0.019327737598
360	0.010362065392	0.000130079280	0.030402259013
361	0.001014146988	-0.009850670848	0.012967313216
362	-0.137030991975	0.057269542137	-0.121599083156
363	-0.081915400014	0.068254345972	0.055103584201
364	-0.017405887767	0.029059022092	0.038404111468
365	-0.103474749397	0.004365222945	0.040728101836
366	0.005884164497	0.000339286641	-0.001127135471
367	-0.022874761210	0.055361575057	0.034714154763
368	-0.006315022551	-0.043271745531	0.039063801001
369	0.013064859910	-0.037862487126	-0.044018231097
370	-0.023508038758	-0.009736587250	0.020148916657
371	-0.029214748884	0.032364628564	-0.028536861521
372	-0.024629835840	0.141015014441	0.013189539066
373	0.006204816658	0.029060617237	-0.019504390463
374	-0.019636099643	0.016811718498	0.040081692807
375	-0.014222144932	0.022664993724	-0.057359764318
376	0.023342396373	0.016011138865	-0.004291290469
377	0.057774414517	0.074454789043	-0.018788894338
378	0.015776676740	0.038143441770	-0.002305137777
379	-0.001201718076	0.004481121627	0.007909593841
380	0.052231139444	0.030921976536	-0.036306469753
381	-0.023303608816	-0.016750497860	-0.000945504794
382	-0.003362659101	0.012190772800	0.004065903002
383	0.013795553068	0.000729058125	0.030540857102
384	0.003269362835	0.001890781825	0.000571188623
385	-0.039353754303	0.007687850089	-0.075322472552
386	-0.030988542503	-0.066376450074	-0.011519258055
387	-0.002522820100	-0.037690952913	0.021576054994
388	0.002577963713	0.046535655139	-0.006922387264
389	-0.003882407842	-0.011202955951	0.009279654839
390	0.023473482555	-0.006403025635	-0.043825598800
391	-0.011084476649	0.024991049852	-0.022162055488
392	-0.011940605914	-0.059528704550	0.010727579861
393	0.028930834034	-0.036522931842	0.025861876766
394	-0.009705020400	0.083015277287	-0.006743563612
395	0.030851824803	-0.021829644630	0.010057660229
396	-0.040494165773	0.016174629778	0.025193848770
397	0.012496963524	-0.006339285398	-0.001963656915
398	-0.011116870238	0.041912673824	0.029651103700
399	0.000685147367	-0.007198198651	0.001668032092
400	-0.004564857639	-0.047002937195	0.051615175901
401	-0.008069576862	0.009654047693	-0.026785001720
402	-0.002764371160	0.003230445241	0.002379040698
403	-0.079783836670	-0.041475960160	-0.039507994438
404	-0.015406190454	0.024548422595	-0.077303210648
405	-0.022076868585	0.062607031788	-0.020588608946
406	-0.055014095074	-0.050102367350	-0.041659917554
407	0.000350277750	-0.014018359078	0.013879358512
408	0.037648770631	0.051716249288	0.039479964252
409	0.070280305194	-0.036683987626	-0.014761788721
410	0.082732137139	-0.058658911864	-0.110133343082
411	0.006881196489	0.031505003727	-0.044903784388
412	-0.005188528043	0.024089675446	-0.029252718486
413	0.002231957545	0.073270244485	0.059184185172
414	0.017672219004	0.033717820774	0.019576352742
415	-0.023692804835	0.011790672571	-0.004728795032
416	0.045637082686	-0.013811750761	0.105470242497
417	0.014671079958	-0.019858835963	0.000797783529
418	-0.013875460322	0.029898523448	-0.001731460549
419	-0.006412254080	0.001080371139	-0.019090035727
420	0.007658914984	-0.012855435188	-0.010325832139
421	-0.028317852451	-0.030365403633	0.010466845788
422	-0.005975159267	0.005100400347	-0.003321684987
423	0.011976820618	-0.001823471549	-0.000666755796
424	-0.048623833895	0.000605425814	0.038001593652
425	0.018028445498	0.010496598440	-0.023313765597
426	-0.011499078260	-0.029177456831	-0.013596540251
427	-0.069541247031	0.155772345505	-0.016002591241
428	0.026170151242	-0.063930972687	-0.003623481892
429	-0.050979471263	0.015473265670	0.020447352288
430	0.025518658930	0.026877749884	-0.020676436885
431	-0.014812914313	-0.018316544324	-0.028453502030
432	0.011377467820	0.014649966614	0.011297450689
433	-0.004499416197	-0.008164543839	-0.000890695783
434	-0.006624376075	0.054557292899	0.008467395363
435	0.013153087130	0.001470395967	0.037920944062
436	-0.011628549814	0.113307788688	0.218080332143
437	-0.014803813573	-0.009147329024	0.000503145235
438	0.009224324939	0.014931528641	0.012356765418
439	-0.057615127349	0.023621026597	-0.031194570682
440	-0.022660029846	-0.046505816996	0.019161071099
441	-0.015372597509	-0.036153966761	0.000961845220
442	-0.006218701893	0.047122277788	0.021163709867
443	0.018913080982	-0.057030035297	0.045208160094
444	-0.002671146849	-0.003776112540	-0.007435336103
445	-0.136419506191	-0.139613207147	0.023729900549
446	0.003159569517	-0.000109674501	-0.009530652685
447	-0.041330389202	0.020387085945	-0.019105706405
448	0.005009912842	-0.009741392452	-0.009108685751
449	-0.024081408050	-0.032977399481	0.104627496801
450	-0.009869627556	0.012436516192	0.013463918229
451	-0.017116036982	0.084526603581	-0.003062238918
452	0.001525269411	-0.063471872187	0.056800163132
453	0.003692899947	0.129687359721	0.008211605666
454	-0.008902125618	0.000397312545	0.004415466142
455	-0.010654126980	0.001335629113	-0.006215110463
456	0.121827218619	0.001045811522	-0.064909645521
457	0.012399720118	0.002812841266	0.005459659483
458	-0.066381478719	0.022244205817	-0.067281771350
459	-0.004873816108	-0.002405494320	0.013880122976
460	-0.019945712255	-0.011719935238	-0.016367809210
461	-0.001388323019	-0.036899223553	0.047571879671
462	-0.053982818645	-0.097978498014	-0.001587897860
463	0.044116596254	-0.065794676613	0.092302319815
464	0.008848524799	-0.014486812768	0.022021116594
465	-0.062233972972	-0.042776758457	0.016144145598
466	0.003187245863	-0.002305143076	-0.007874801248
467	-0.023013725757	0.037621061669	0.042951807633
468	-0.026281918699	0.003059221671	-0.033196151589
469	0.039953983070	0.033414096072	0.011264208842
470	0.002848748623	0.014401801636	-0.014021662812
471	0.009510062403	-0.012226126012	-0.002773278760
472	-0.006269094162	-0.026235901646	0.054002763524
473	0.021034264855	0.003631092916	0.023806526873
474	0.017045903870	-0.002824519858	0.005792973326
475	0.015341484634	-0.011702712398	-0.022740948522
476	-0.007043160437	0.010678925910	0.013140103760
477	-0.008584709737	-0.003291200076	0.044029444771
478	-0.019862675495	0.004313465140	0.016030814780
479	0.014376248421	-0.004741945993	0.047897042601
480	0.011270471278	-0.000703601306	-0.011643536539
481	-0.010014406990	0.016846727513	-0.008103772076
482	-0.027654805619	-0.046621734607	-0.010598599184
483	0.011905595777	0.024175231405	0.003549709894
484	0.029040803764	-0.032093455220	-0.005044071216
485	0.010035104140	0.032304065649	-0.010931970788
486	-0.018875348182	-0.017598496707	-0.082859811314
487	0.006539800354	0.016237961011	-0.071473063642
488	0.024851402134	0.035149263985	-0.013464182526
489	0.016049524370	0.012443344519	0.031888465296
490	0.047867341968	-0.011556987921	0.065599147896
491	0.034902259602	-0.061482675972	0.020543187909
492	-0.007650951154	0.025474988002	-0.004148971080
493	-0.014306196251	0.012187708300	-0.069691912285
494	-0.056537543520	-0.053342303762	0.059633432228
495	0.009131251451	0.079279221951	0.004218619457
496	0.054841653323	0.013570193801	-0.049055089274
497	0.018997749679	-0.038307564753	0.062814971275
498	0.006316613243	0.011600447238	-0.012745225429
499	0.180805466616	-0.023042293239	0.108354277684
500	0.005453239721	0.000682606399	0.053415697119
501	-0.004861151397	0.008901114954	0.006072760027
502	-0.005116216993	0.016398296834	0.064766074876
503	0.015784987194	0.001140257436	-0.022202132827
504	-0.133935739134	-0.096032984631	0.017811376047
505	0.081327877889	0.014685959330	0.015889202448
506	0.025000271162	0.026675290924	0.009234854310
507	0.043292857617	0.024829648018	0.047107170675
508	0.047392118405	0.007636729886	0.066444089405
509	0.018998565499	0.046500906799	-0.008083193237
510	0.019232620342	-0.103337216723	-0.070148823721
511	-0.039972351243	-0.108120143801	-0.184121406759
512	-0.035582957481	-0.013337054234	0.011165972991
513	0.047349229267	-0.003855674401	0.021053451253
514	0.026919680207	0.013473388030	0.046268920452
515	0.000556910983	-0.016790662774	0.026208613473
516	-0.005024840776	-0.005484909319	-0.027278602679
517	-0.009329707090	-0.007127521012	0.001277141784
518	0.055864993824	0.000193305437	0.036085302832
519	0.012251796383	0.011842388467	-0.045215182100
520	0.012275643045	0.042112854615	-0.020867136279
521	-0.017445282752	-0.010337146240	-0.003076667421
522	0.033844102739	-0.001118569645	-0.013749486321
523	-0.029883022922	-0.045644110502	0.007662629154
524	-0.023205808432	-0.022358770815	0.007870923363
525	0.029836410408	-0.022308209492	-0.053818561766
526	0.058114759625	0.053411797928	0.032977942609
527	-0.004386905209	0.000291889765	-0.018005299092
528	-0.038099248568	0.027247664320	-0.013535880172
529	0.010200179972	-0.030890060865	0.074978500867
530	-0.096860070628	-0.044122872935	-0.016033031993
531	-0.042681298674	0.034836118916	-0.005423466080
532	0.058282166216	0.029407370639	-0.044395783948
533	0.004641258623	-0.025881430750	-0.004336570554
534	-0.050504432790	0.027881652702	0.011163448769
535	0.023825262073	0.058220334965	-0.050330555739
536	-0.047827473031	0.068030236594	-0.078108231102
537	0.028237210533	-0.027554146035	-0.018722689048
538	0.034110809525	0.002220778215	-0.006284566756
539	0.010908987721	0.000279257342	-0.014635182796
540	-0.063348300099	-0.063287839615	0.068443603674
541	0.006273077790	0.038063700159	0.057015591154
542	0.093475300226	0.008196597156	0.063921516296
543	0.052182208054	0.058378279386	-0.004294254681
544	0.035443973062	0.056025241090	0.035000510917
545	-0.025399386191	-0.007338485783	-0.014318300495
546	0.013798808905	0.003153239759	0.020781637673
547	0.061324881835	0.034590892547	-0.014143665186
548	0.036191000929	-0.101665647179	-0.062688981017
549	-0.039722655388	-0.045040395100	0.005848353419
550	0.085111889477	-0.025783399909	0.006461648741
551	-0.025052463586	0.004599420767	-0.006151475509
552	-0.054162887530	-0.020955754296	-0.031034619717
553	0.032141944663	0.011350944108	-0.056056434002
554	-0.022808362250	0.016188687986	-0.065676990836
555	-0.004575147347	0.005283874472	0.017574840548
556	-0.016031335114	-0.008801762385	0.019401733810
557	-0.003148378078	0.002138338640	0.031095360956
558	-0.080296025057	-0.034197377752	-0.130202022858
559	0.039856867243	0.024552458649	-0.024061427138
560	0.029100393807	0.028360957123	0.012318607212
561	0.007141045109	0.045798125909	0.032986274457
562	0.004780924930	0.028160490617	0.009603892059
563	0.003690683736	-0.008000897964	-0.005224968256
564	0.002330100330	0.025021650019	0.060069948078
565	0.015709298329	-0.030303765134	-0.015171635078
566	-0.046757361882	-0.000777630162	-0.016309860900
567	-0.030425481113	0.008055699358	-0.029309981053
568	0.065663938535	-0.056187932850	0.017818729928
569	-0.014555605917	-0.007795995705	0.072088588758
570	0.073026986658	0.049322626949	0.003407767370
571	-0.020710480028	0.034540807029	0.011915969736
572	0.003590236172	-0.012558920053	-0.008230687973
573	-0.111995110723	0.015985466286	0.082222292655
574	-0.005022896930	-0.017098566057	-0.055592214138
575	-0.115543021450	-0.065859383029	0.037105825583
576	0.037078474864	-0.028888977915	-0.020498973886
577	0.049454599175	0.013722480359	-0.002058559730
578	0.049116055885	0.054130258097	0.022692106550
579	-0.027417248085	-0.013409655376	0.017526410441
580	0.031174214500	-0.028826722961	-0.023120745996
581	-0.018387301908	0.017857318399	-0.014029309345
582	-0.112467212877	0.006264692265	-0.060308316842
583	-0.036195811075	-0.129236971379	0.125498432612
584	-0.013902668703	-0.013180244172	0.015977762251
585	0.005109772792	-0.019802669536	-0.021057917988
586	0.002679157305	0.005415474239	-0.001289322286
587	0.006323255615	0.018714199838	0.007817864900
588	-0.005935117963	-0.019129351838	0.014182381419
589	0.004548035720	-0.067280223425	0.024225455180
590	-0.040361285562	-0.010875802891	0.038259302646
591	-0.031090810133	0.019859108337	0.004907071772
592	-0.108418475735	-0.177715344875	-0.038307148547
593	-0.009625480509	0.014242428598	-0.022767688685
594	-0.018749865284	0.000593402570	-0.025490207551
595	0.053153493513	-0.011622628965	0.013152693716
596	-0.049970500710	-0.045322832180	-0.029683473524
597	0.011677714663	-0.004839917444	-0.023615786456
598	-0.000230329738	0.010202427980	0.019895475292
599	0.031340504529	0.018457937061	0.072019296091
600	0.025546242786	0.003801832526	0.051485345199
601	0.015003628417	0.036135398027	-0.006119597230
602	0.006746459851	-0.006151049032	-0.009887595889
603	0.020102932889	0.067828043214	0.024590739079
604	0.034564538622	-0.023960425086	-0.022563529441
605	-0.025613626305	0.015683052254	-0.034621328622
606	0.078690124566	0.072035775294	-0.074421899712
607	0.008881693757	0.009607906631	0.025893974810
608	0.003559301235	-0.000651325759	-0.004847795010
609	-0.002706021976	0.008174960917	0.002154811313
610	-0.033475389320	0.011441566312	-0.047248554312
611	0.057968799987	-0.051289362785	-0.018580011137
612	0.006357454918	-0.006600491372	-0.006842967370
613	0.033040869579	-0.029223268094	0.033714631480
614	0.032942209563	-0.024001137912	0.015711983432
615	0.025053424624	-0.072971627749	0.010138351875
616	0.053246236962	-0.026205383763	-0.070385253927
617	-0.065389518292	-0.031365907930	0.053746491493
618	0.040561023044	-0.010040014268	0.005182179727
619	-0.005736356283	0.015497395704	0.030908163301
620	-0.041356367376	-0.024356480531	0.023861168651
621	0.040368975420	0.132801150805	0.018226592979
622	-0.002592438701	0.020471695587	-0.008067370807
623	-0.098008900018	0.050309402029	0.013738302416
624	-0.004320477912	-0.020025564752	0.039656723032
625	0.003088391255	-0.003414789056	0.014364781826
626	-0.105295168827	-0.136533314763	0.062252684795
627	-0.005218220157	-0.022368719478	0.026002882066
628	-0.026873789659	-0.018657367766	0.029885665679
629	0.103523194255	-0.021639229042	-0.002197085839
630	0.026816960219	0.048943432427	0.041759017726
631	-0.011941596746	-0.084772796135	-0.124123973988
632	0.009921181472	0.011778019803	0.009942438551
633	0.000514978419	0.000317337512	-0.003256142336
634	0.000935706280	-0.001669646361	-0.017836492975
635	-0.058384529524	0.100552109122	0.098875768495
636	-0.032259929518	0.033024596496	0.012118308200
637	0.003264830261	-0.003781798021	0.005759815592
638	0.049365070277	0.051134717168	-0.005637676405
639	0.078800827544	-0.034662365077	0.010215024561
640	-0.007136576420	-0.009418440914	-0.028535010024
641	0.025976519384	0.010033213385	0.004492757454
642	-0.015401151684	0.018148570875	-0.004814851250
643	0.006585950014	0.004259079574	0.004833660952
644	0.008574522025	0.006967247406	-0.020510778220
645	0.022954278584	0.021255507504	0.035113528553
646	0.004973734107	-0.018492647159	-0.011161722730
647	-0.008109118243	-0.002934459356	0.002814166210
648	0.004351437097	0.023841860441	-0.013793575930
649	-0.058891672058	0.025199583720	-0.069549938643
650	-0.015526445157	-0.055654337140	-0.054847416575
651	-0.047036294248	0.049769096648	0.015078864681
652	0.046764192746	-0.006174822466	-0.001903543204
653	-0.009232601533	0.017461654836	0.006230656957
654	0.020432386986	0.026886163078	0.021620480193
655	0.048337057961	0.024071667751	0.020124323757
656	0.122934115881	-0.052748611595	-0.053260831980
657	0.048133276317	0.016081592801	0.004226869617
658	0.001101239649	0.004338941972	-0.004571140963
659	-0.011527435755	-0.017030798569	-0.006539768921
660	-0.008833733049	-0.035497278068	-0.045837718644
661	0.016872952703	-0.050150745243	0.061103634918
662	0.052796228628	0.013845385483	-0.014459001656
663	0.035917730825	0.102367253739	-0.013805648775
664	-0.033163148553	0.014970453141	-0.019893864618
665	-0.044967141167	-0.005834688002	-0.003956277107
666	-0.027334481015	0.055666980041	0.032775958237
667	-0.002846267420	0.051972494857	0.079491905222
668	-0.043744146470	0.024585691957	-0.013708081999
669	-0.012770290617	0.010028396971	0.017644014048
670	-0.002160902890	0.012225016796	0.016428678595
671	-0.032972435143	-0.001927852846	0.022692998367
672	-0.034272747275	-0.006931495078	-0.010244117813
673	-0.023382906503	0.022977675168	0.032141633075
674	-0.019093983889	-0.004210035558	-0.012394222077
675	-0.000621905206	-0.034919281417	0.006024045120
676	0.003572087579	0.001847468901	-0.009253894795
677	-0.004247681597	-0.011677947445	-0.022031208672
678	0.042056115177	-0.013188075844	0.011664460223
679	0.043759545868	0.072188571524	0.016806667475
680	0.018812533560	0.002727328547	-0.022398431045
681	0.101411195726	0.001660283733	-0.083993334359
682	0.023602518358	0.027194338069	0.002791596823
683	-0.007656080661	-0.008769933805	0.007561224717
684	-0.087546601213	-0.033951404655	0.043707656299
685	-0.022201398448	-0.026611523752	0.015137581545
686	-0.046121931643	0.012271965198	0.043526978219
687	-0.025295342221	-0.018299759668	0.007360502445
688	0.049976127106	0.037987931928	0.033197909440
689	0.025717926494	-0.068946470742	-0.202407720192
690	0.048362177406	0.022037879816	-0.020210404387
691	0.024874210501	-0.001101744525	-0.013341654181
692	0.010286417439	0.011947948361	0.033542955781
693	0.041213798724	-0.150496913344	-0.085804155263
694	0.049750667230	-0.003486523603	0.004274268494
695	0.009301469984	-0.003333841578	0.008345450011
696	-0.023413113427	-0.061946532411	-0.039705893156
697	0.028947447889	-0.066374267400	0.079494376611
698	-0.023486830389	0.103262844479	-0.055066907272
699	0.072946765275	-0.017193253489	0.129482576975
700	-0.011585090310	0.005147155736	0.059164246945
701	-0.006392420110	-0.007809996407	0.002714838600
702	0.065456899555	0.048102880854	-0.007480827103
703	0.017301728140	-0.006418865079	0.050436634245
704	-0.006197584823	0.015996564534	-0.006620353321
705	-0.050555082185	0.099494802306	0.008277537087
706	-0.022152819343	0.015207201448	0.006071266795
707	-0.005513391057	0.000710068925	0.027129112458
708	0.041132177281	-0.070201240065	-0.068319120159
709	0.065505056370	-0.027792574649	0.104196148318
710	-0.013887821245	-0.003337843220	0.005644605614
711	-0.022770095178	-0.041727609251	0.019976067087
712	-0.036129042783	-0.026416142089	-0.034237352155
713	-0.060284477136	-0.016063577785	0.035096445077
714	-0.110336030574	-0.039119449931	0.001766846980
715	-0.082247247056	-0.038465088136	-0.038371123184
716	-0.005528488611	-0.007967356471	0.003571461401
717	0.039973331741	0.019741547546	0.014031258630
718	-0.008163033293	-0.001375302753	-0.007015525353
719	0.006777093481	-0.044732422747	0.001774640763
720	0.017331940122	0.017278820009	-0.103984205778
721	-0.005467966960	0.033658292882	-0.001732254649
722	-0.073960024230	0.004427044285	-0.078771614564
723	0.064247584770	0.003780760822	-0.086962458208
724	0.002558783453	0.032146791901	0.000155133619
725	-0.032215784386	0.007646612973	0.016046396576
726	0.020529812641	0.022362983341	-0.007525258519
727	0.005009041562	-0.002192948159	0.000046939201
728	0.032309171709	-0.032779046997	-0.039781155575
729	0.036429009476	0.020222727398	-0.005129538220
730	-0.006912509819	0.002697237223	0.003352161155
731	0.106646244063	0.119113833139	-0.027704508801
732	0.006194180526	-0.016708548847	0.000666376082
733	0.032294230919	0.016193465377	0.003238362312
734	0.020741369915	-0.033363056100	0.032529717320
735	-0.023934818620	0.012496028290	-0.004227524212
736	-0.005683255392	0.000523191274	0.017623398475
737	-0.008369555376	0.035891857440	-0.026873054790
738	-0.004494043107	-0.025653601254	-0.022531550727
739	0.047241629316	0.005420097385	-0.006425908699
740	-0.005544814024	-0.012976861135	-0.007696287494
741	-0.060228242245	-0.013366101140	-0.007986772479
742	-0.002878604439	-0.000552101175	0.000076884483
743	-0.025973720715	0.031993481391	0.002019011869
744	-0.095452527403	-0.025838110017	-0.032050630405
745	-0.002544151384	-0.044982380495	-0.034537491450
746	0.030352877950	-0.023934816110	0.094653836416
747	-0.053658463863	-0.009299874966	-0.040615761497
748	-0.062174059483	-0.010633348833	-0.018867877105
749	-0.007164288036	0.037582846742	0.036956226633
750	-0.019352979785	0.001176428480	-0.003236196879
751	-0.023126043899	0.023119368034	-0.012051066049
752	-0.006503402290	-0.094836490864	-0.011224644667
753	-0.004919162644	-0.001815355509	-0.001113033495
754	0.003848747508	-0.014702477557	0.060508261516
755	-0.007475582313	-0.014586384147	-0.048327505152
756	0.032026162755	-0.031683539442	-0.009779518506
757	-0.070639489702	-0.043263461298	0.002213127786
758	0.001263645552	0.003767393542	0.003040779523
759	0.015285284194	0.005163846631	-0.011718968789
760	0.004612210957	-0.021854884381	-0.018045490148
761	0.029504066015	-0.030461610327	-0.071556365722
762	0.029200339435	-0.002203704652	0.001061324650
763	0.003642959256	-0.001129593695	-0.050046089774
764	-0.059549951037	0.079364006034	0.006668704001
765	-0.030201571265	0.067924273745	0.015631951269
766	-0.043289321102	0.035939464696	-0.032191400881
767	-0.019359563219	0.011351996005	0.030989916749
768	0.001883855323	-0.018828982097	0.020079130393
769	0.001407071216	0.011759132638	0.001472297522
770	0.003865894361	-0.004015572123	-0.013736994428
771	-0.029659951510	-0.047864266102	0.038995351658
772	0.004253835766	-0.030721375538	0.011276175654
773	-0.001874220186	0.012142809453	0.000488277093
774	-0.080183067670	-0.043072378919	0.146442159124
775	0.043235000926	0.024049541488	0.012933161464
776	-0.010340403582	-0.006086608279	0.017976242529
777	0.073810052178	0.086252608352	-0.096274069579
778	-0.060171904070	0.039700245143	0.055563045526
779	0.018308309137	-0.011039981273	-0.006251984797
780	-0.000127200161	-0.002463992557	0.000125011807
781	0.031181497444	0.164843306241	-0.120167524286
782	-0.030985429346	-0.033496993279	0.036309409374
783	-0.011088122599	0.002842534189	0.029673192283
784	-0.041217360410	-0.045176362722	-0.012566249135
785	-0.059974828069	0.036436937581	-0.088674423711
786	-0.013511489938	0.003344620092	0.004945936602
787	-0.009245705931	-0.012433637042	-0.001444205545
788	-0.010092476730	-0.006827081276	-0.002573973276
789	-0.062757400374	0.072580880753	0.013257010793
790	0.020616336142	-0.026741606854	-0.024832986223
791	-0.005011240737	-0.042488617668	-0.019149262809
792	-0.038657342668	0.003766005084	0.009777155574
793	0.108246788568	-0.010900198213	-0.059792593098
794	-0.024179273750	0.004402123149	0.044015132327
795	-0.030639280056	-0.019636803090	0.087340947107
796	-0.095844162134	0.099230270866	-0.154525493963
797	0.030323847385	-0.074858178317	0.022302186823
798	0.003452045093	-0.043644777265	0.005794998905
799	0.003728789331	0.010992483507	-0.016446714806
800	-0.004229015026	0.008532716286	-0.002879504411
801	0.007875482104	0.002998991651	0.015054921242
802	0.013594398640	-0.011696077193	-0.009356201815
803	0.046165708520	0.012399443299	-0.029534609049
804	-0.036676664796	-0.037004416053	-0.029499589099
805	0.030504358092	0.022606953891	-0.003810405646
806	-0.223783759127	-0.006162573787	-0.023585316270
807	-0.011390434327	-0.014050132214	-0.051160529705
808	0.025145108951	0.017017647850	-0.023388459151
809	-0.005466077037	-0.005968558943	-0.026085400233
810	0.052188033954	-0.023858247074	0.020567313744
811	0.035757102602	-0.026327924061	0.017050018815
812	-0.019230884039	0.017852396132	0.030330574284
813	-0.056639108486	0.004416843501	-0.023931091332
814	0.011374388699	-0.042840488618	-0.002994429678
815	0.004241898696	-0.032545676095	0.021131533928
816	0.023886169064	-0.071523247846	0.013130540151
817	0.005701666709	-0.000278089112	-0.007397348721
818	-0.017061284282	-0.008655990840	-0.081991944227
819	-0.030624768545	-0.039658182425	0.014320311512
820	0.022878530717	0.005563016574	-0.001314623082
821	0.002387680023	0.001934127502	0.010846445618
822	-0.054149113059	0.018314333221	0.045700716612
823	-0.012739272240	0.023455439672	-0.030343493198
824	0.038182133272	-0.045011166876	-0.014654818822
825	0.019266787021	-0.014902605935	-0.011362056575
826	-0.021958656053	0.007994878759	-0.087232225652
827	0.028481604141	-0.034455407674	-0.080628821155
828	0.034031371698	-0.049296562736	-0.041501410352
829	0.017874867852	-0.026336503669	0.004289753814
830	0.008061781142	-0.005719117117	0.004850208825
831	0.045265236324	-0.064129954313	-0.019684731959
832	0.000044348584	0.005727423564	-0.011136536570
833	-0.006091892873	-0.003937516542	0.004611438823
834	-0.000515355420	0.030679022963	0.037231010209
835	0.021447149005	0.008891447045	-0.009385621120
836	-0.000201987682	0.006799640736	-0.007488469219
837	0.048812384474	-0.010432831450	0.016242637058
838	-0.067798612096	-0.011991083026	0.003698967641
839	0.181867433073	0.052921353902	-0.043046487709
840	-0.009396445689	0.027360450821	0.013744873637
841	0.045935449490	0.011705105680	0.020041018864
842	0.037776194978	0.007452601542	0.040888319969
843	0.015013848771	-0.031218727804	-0.011190077904
844	0.061823616325	-0.034278182571	-0.032080494401
845	-0.011465680155	-0.016982612542	0.009686717505
846	-0.171974553933	-0.045592373819	0.083130461532
847	0.000575348243	-0.006619017791	-0.000130636020
848	-0.003984072698	-0.025277655296	0.020959149038
849	0.005659765073	-0.009277334343	0.011008833597
850	-0.012683390661	-0.005366105918	-0.009332758693
851	0.032472097424	-0.000473446206	0.003008755731
852	-0.003697208806	0.009286680712	-0.018723462750
853	0.014738066222	-0.038523309492	-0.014691495282
854	0.049076239242	-0.031773091242	0.012213816027
855	-0.038019957899	0.000780175308	-0.000164009568
856	-0.031341742053	0.013222357913	0.050969983363
857	0.005303469261	-0.004313521886	0.010485351481
858	0.063202159238	-0.036394093002	-0.033159043259
859	0.017254123379	0.013734575200	0.011997221442
860	0.014609751904	0.005309291005	0.030219598646
861	-0.020708289544	0.038224902997	-0.052156522908
862	0.028631818541	0.059377238757	0.028037478990
863	0.031956644192	-0.016074052403	-0.018707079849
864	-0.027542712083	0.024916483931	0.007828173427
