%CELL_PARAMETER
36.000000000000 0 0
0 36.000000000000 0
0 0 36.000000000000

%ATOMIC_POSTION
He	32.6620979507	24.2384190653	20.601090991
He	0.958537767622	11.2148260576	5.41037676614
He	5.46373273147	32.473745802	32.272537512
He	23.157595598	21.4619671734	19.185742681
He	20.9693792832	27.2234935801	27.7481578493
He	10.1806265591	32.5472303056	33.1619902222
He	6.11326817287	15.0088462099	3.43494656338
He	32.6292259125	27.8350741752	3.87531204766
He	0.202429969381	20.621413515	27.5031538584
He	11.3529576586	5.93529451715	26.8673058778
He	4.62783516813	8.56599691483	29.5567645792
He	7.48875970919	9.64130991274	27.2135324157
He	25.4070729527	18.5276244942	5.616852942
He	20.7923501708	16.8493239919	12.7680394349
He	12.456653738	4.75923688255	16.7860169578
He	14.0571816594	10.9419442785	17.0178495308
He	12.4840623492	31.3864579762	3.78072770917
He	17.496929894	35.6817924957	31.6841935733
He	28.0694934059	26.8950677382	4.10099139641
He	28.2749888369	1.04680674759	15.5024070439
He	23.7858958467	19.5932204313	27.3808985481
He	9.42242652864	23.509798646	31.167074113
He	4.14628430246	34.014301061	10.6263688711
He	32.3784418777	15.5709081103	26.1101659081
He	9.25562208079	28.8355127659	19.202536386
He	15.6848331359	23.1581683028	27.3138793148
He	3.57014430914	15.3721350464	26.9437069492
He	22.3979445652	11.6043165679	5.5669280492
He	11.0693673986	8.50966303233	16.3546689365
He	4.85042024611	2.4975935963	13.5925780396
He	33.2465853332	20.9809549791	18.658963628
He	22.4309210106	2.16433570334	24.365996232
He	2.03157376879	20.049077888	35.6295729295
He	1.26309903204	35.4466748047	3.8461394918
He	31.8871230306	13.0284803188	18.8624071816
He	3.76284190477	5.30124874701	21.1546895599
He	7.35811605366	18.5355570373	20.5062393012
He	7.61055273059	25.5601335948	18.7152882993
He	25.421445441	12.2631528335	3.00216605924
He	17.6923973765	8.3303455424	19.649109974
He	4.8830261792	24.2607157302	7.80231983776
He	35.2342295919	4.34030733643	21.4116422277
He	5.12706019175	11.7513851777	11.5536291104
He	21.7703922826	0.6643915626	18.5486311274
He	33.7067078933	28.8094284186	7.87753170376
He	9.35078708802	24.1222852266	6.594742393
He	6.14563807499	28.9961174685	17.8796636914
He	25.7326286064	2.01153626079	32.9081839404
He	3.52881858223	19.3300191283	26.9667926067
He	22.4835199559	14.9303312547	1.3269900804
He	2.66079886636	29.785045228	17.0135052116
He	6.65270800592	16.0241438339	10.4839873148
He	2.24810317598	15.270703675	10.6106420096
He	3.8908120807	12.6565099354	23.824833777
He	6.60903509355	7.31563195581	17.8063841336
He	3.71134052407	35.7451133134	16.4744908791
He	31.2340966274	14.1220546018	15.0946027835
He	5.47654601863	13.1756114313	35.9927606402
He	24.8195310781	19.9766576853	8.88263573245
He	26.0667676693	22.3391245636	17.8163554585
He	4.25832230311	11.5101277576	16.4663142998
He	31.9046370278	10.7570363746	2.06013222235
He	19.9577130081	29.1246816173	8.48764778092
He	32.7773764945	35.6844406191	26.6671350701
He	30.409891388	28.8016925792	17.0079421649
He	34.0321853799	9.20329841665	21.5595208396
He	13.6350424262	32.8776733464	10.3650229212
He	34.974035769	13.7513855654	28.6232176591
He	29.8829463023	25.812048282	26.2695623934
He	10.334645273	18.9791542864	23.0348527156
He	17.9874092771	2.11358391447	9.65954461037
He	26.7277615556	32.3969033423	28.5092671323
He	29.5302517853	13.6264105648	25.1250803303
He	33.1025139744	18.006520456	5.73873226721
He	12.6268683317	2.38991989814	19.577295994
He	22.4656580731	25.1566798761	14.044784508
He	28.9030957606	25.3668072092	18.9150309011
He	12.794371271	14.0842263105	18.0766015699
He	34.294278438	24.6499224795	13.7737578937
He	21.5510965276	32.2452049154	7.32958948319
He	14.9649711518	5.2995743772	1.44324441606
He	30.4606085127	12.2249057934	8.11929698525
He	27.69748543	3.26471140496	11.4025719229
He	13.0667094228	32.3468320905	20.752797801
He	0.489415710245	26.6914907236	6.78450097539
He	7.56678683009	17.7756580816	16.4538828906
He	22.4883120403	6.70741737546	10.2164085273
He	32.9864871216	17.2487298853	19.3523870408
He	34.7407723774	30.7029080776	16.6236791296
He	6.69837944542	16.9948129198	24.7655300035
He	30.8876469405	12.9643493998	32.8655459186
He	30.0932789468	6.0160290724	35.6716714076
He	16.7590431291	16.4841686119	4.77074230524
He	25.1840808204	27.9986170619	32.8689786402
He	14.6114919069	29.2500365598	10.5904796123
He	3.17844827229	5.44326411128	8.98094158326
He	34.6801529442	12.5059656765	32.4894802934
He	1.31000051491	5.31104636975	18.8343581172
He	13.9068975916	4.11620278957	9.73599014112
He	35.6771390754	4.85652382045	9.14829682048
He	25.9035931717	23.7546098442	25.6946254353
He	21.8407516472	27.9789746741	4.29671345896
He	1.23939465953	3.13216016335	25.920404588
He	14.2526138058	13.615082837	2.67771094568
He	15.8161799129	13.9504350941	7.10447551742
He	29.1456392089	13.3298570945	3.58189909409
He	1.46561374181	26.584196404	20.6703108233
He	4.82184650567	12.2965944178	19.9127689013
He	11.2958116697	7.05485507711	33.364738362
He	22.8162407349	7.77451420459	34.4899757059
He	4.75063175703	35.7514433394	6.10388087262
He	9.76018243916	14.5435052112	16.2265354984
He	32.1349662558	35.1737431974	11.6777337413
He	6.91991336564	5.83482658804	23.5723919789
He	25.0143195739	8.52210906663	4.93094052744
He	1.10804385469	8.79602681734	27.9084428928
He	22.8762860191	8.57647839328	29.1077488827
He	18.7745724154	24.5122833963	25.9132296646
He	15.441593244	26.9630605644	3.26509050884
He	17.9368683928	33.8656035092	22.2692975553
He	11.1826440669	3.89320563374	23.6426030781
He	5.608397116	9.49267769531	24.1216941943
He	26.3902224051	19.8202251646	19.7900736838
He	5.43989832893	2.25353065157	20.3275181162
He	26.2101740224	31.3602861089	31.9756145593
He	5.86769363047	5.2555872795	32.0217042794
He	23.7544103928	33.3310989049	16.8967127848
He	29.5241696908	29.6551343086	25.5387559965
He	33.5264023957	3.43039175006	27.4681466335
He	9.14691102646	2.27788540934	5.40528166409
He	21.02025143	16.8721004175	26.8693461579
He	32.9585743323	22.7523017618	25.4727180106
He	4.91948628104	9.53026483409	8.16372383457
He	6.44863689631	22.3190908065	4.15707174673
He	32.0403799206	19.9142674697	32.9885881424
He	18.9760671112	9.68267982001	4.54859492312
He	5.33564579839	20.9324688127	17.3118203288
He	15.9207667057	4.17692284999	34.0606250017
He	13.8960189485	8.49675502982	26.1845204018
He	29.4290088183	7.76583085005	32.0794639944
He	23.8861060104	34.6800431661	31.2070361184
He	35.7887899421	16.3366692116	16.9928578747
He	26.9219962412	7.28150243566	35.0139608868
He	0.269457590235	16.9938455222	7.65716851323
He	5.87629491791	0.809788240922	33.4270309795
He	13.8514047636	1.61714364329	33.2899697613
He	14.3374206592	1.8722207267	23.9327208659
He	4.43585149243	6.75961289706	14.8026004515
He	14.5143824295	8.60368164647	3.33589852441
He	3.4987855463	4.24615680978	35.8330218608
He	32.6918731621	0.939336693431	30.3465699333
He	21.9825837039	31.602158601	28.0909605208
He	7.1196495219	1.18600207028	24.3552366679
He	33.3282988558	18.9371965208	25.1711197702
He	10.6534642003	13.2211704109	11.4293259229
He	10.4616991522	14.1711213025	23.7183350698
He	10.4639636289	13.9919806215	27.2362551837
He	26.2976771978	5.67767213229	27.8011685855
He	10.6516380986	19.3822263562	19.3890359475
He	8.4132549934	26.2949788944	22.69962598
He	6.8288736789	14.5498982653	22.2728606456
He	19.908755093	9.47832473692	11.6364757218
He	8.64214217084	3.42342586612	31.1497036436
He	8.77623102064	16.0341006197	0.49042564019
He	26.0197492562	13.7393617227	35.5550161192
He	20.3810143573	23.063844338	11.1388501072
He	23.5466583037	21.9395170409	0.0224338123032
He	5.15271401789	22.2115098612	12.4625979758
He	5.49819501239	30.2403826306	28.8152970799
He	3.68890804048	17.6084042671	12.8940660447
He	9.63368867618	4.85798160922	11.8438915935
He	12.7930993688	8.00312027526	29.5474612754
He	20.3260582555	8.3305602067	8.02278908433
He	16.312869771	23.188789577	22.6174141662
He	3.450828276	6.6302396191	25.9383260977
He	6.75221320719	5.61985864633	27.8320694608
He	26.0053047021	10.6682908014	20.331316751
He	13.9764542833	6.38942906539	22.8251091278
He	18.4392238568	28.2894941039	5.24099499355
He	4.03424283982	3.83709279518	16.6789137016
He	19.7741020807	4.92295841945	3.23176934707
He	23.120977409	6.34186751308	26.1009973085
He	35.7132893441	32.618609445	8.63900827181
He	35.7475104055	7.4649209545	1.22602118646
He	15.5674564479	5.52511430313	30.7764655239
He	8.0801863313	11.0139411209	16.1905297992
He	13.7855598004	22.6199535123	19.3730550167
He	18.0622229366	10.6006760335	16.1882565856
He	21.0957610515	11.0740546442	18.2321972116
He	2.38933740976	23.7611985609	35.1471090939
He	32.5293398646	9.50928721633	17.3206553522
He	3.49497794679	1.53806832236	30.2127810556
He	28.1836289301	15.5987011097	15.9090303865
He	9.67551343921	22.3414962814	2.64360083828
He	1.5728678639	8.78685651124	14.1039565127
He	0.617556465818	33.2935703141	14.2821240591
He	29.9145094283	9.28740527833	19.8987038824
He	21.6235868541	22.0861416337	5.29699887023
He	5.90727866866	20.9654294412	0.883624264931
He	21.6609403971	12.4084201031	27.3284391527
He	6.07182129984	5.01284137858	11.4904450451
He	19.7831493466	12.6246710467	13.7731901316
He	29.3376795322	23.9840714263	12.1397876379
He	4.05180345174	18.3290222243	19.1786008353
He	21.7527382311	6.06865990155	31.1467093772
He	20.1001916461	25.0517268465	7.56448197692
He	26.8622825517	23.3967937917	9.59606786652
He	31.0379037664	31.214642978	5.740388488
He	1.67523143702	15.9563750522	19.7409030726
He	8.40099942783	26.4372575351	29.1148323319
He	9.18253684023	19.7089764516	29.8391074196
He	33.8401076265	26.4420234019	31.7351409178
He	7.33604830205	13.3306992689	8.20993880721
He	4.26749720978	27.8076428459	7.83941904845
He	19.6435788422	3.25490350912	33.5197808201
He	1.60899340971	32.6532312184	2.1956674481
He	20.3122682857	12.1705549084	2.13489203077
He	6.11826419502	33.7691339073	22.5937899029
He	13.9117001556	18.5509291018	26.6891541111
He	26.4663378806	27.8621289648	18.9505621201
He	20.9475594104	28.3531200713	33.9436000738
He	31.1696837224	0.733407114098	22.2778813902
He	5.34875371968	10.7190941162	4.43575791447
He	34.194706738	33.100366869	4.18321672518
He	19.1914623427	11.236103824	22.4561362882
He	2.39489429558	26.1123731308	15.0673578937
He	18.7273949098	32.9147176362	5.40245591973
He	34.1289167403	17.2685037337	29.1303657534
He	3.23844010551	15.9071730274	23.3438842175
He	17.0084582801	31.8782553613	30.7208688348
He	7.09974607864	20.8704920128	25.016264682
He	1.29368229089	22.3285561613	14.460016206
He	17.4039484853	26.8721047524	35.5014039365
He	13.0687914518	16.9237311298	23.2737895272
He	27.4168404653	8.22821919356	17.6128323215
He	0.475428441133	28.879610054	25.353861201
He	25.1092922307	2.26276603357	1.65295634199
He	19.1841745401	5.15238071071	19.9620501418
He	34.3483937417	23.221630534	33.7397809089
He	34.7732665975	26.3759908773	10.9229527792
He	16.7114164567	23.5163298951	5.46239090122
He	22.7183437568	20.0035697363	12.2485705904
He	9.34940329987	23.409966209	35.1633012013
He	2.78438175155	2.27070083989	22.9932445677
He	28.8663799674	14.0701198568	30.2782218492
He	17.4890389617	34.01540327	9.29182321307
He	9.87612164277	8.17283669129	12.7437979869
He	5.95217531793	34.1890286367	26.7459765359
He	32.014622789	27.9321284355	0.384819091618
He	10.360131436	17.5771157546	33.2211826707
He	5.16094050353	15.0241094787	32.6739705161
He	18.2694363502	21.0370923276	26.0044297032
He	10.0482700233	29.3052170027	9.99178213689
He	19.0479282427	20.7187302964	8.75661043724
He	27.9443431331	23.5434783722	29.3712665148
He	17.460495452	33.8847281261	18.5375370259
He	28.5267802055	30.0282219405	34.4484263563
He	3.01572295175	22.0023323149	32.0372455715
He	3.82680386145	29.8591804423	25.7555566323
He	11.8613156849	29.4221446913	26.0053521138
He	8.30894874469	15.1974135478	29.6739094135
He	29.3320236195	0.721095362324	25.4779704752
He	21.4885820505	15.4011064262	23.2800984069
He	2.65567020336	35.9629904192	26.0623411845
He	23.7746188832	0.0813274176263	11.7193526281
He	2.8492691598	21.0648597193	7.57757358902
He	22.1504183533	25.2106149118	31.9621594462
He	10.3192670033	34.0011395784	22.6559425871
He	32.8832845946	14.1236936444	0.637137870198
He	8.72510546909	10.7016706942	35.3470269763
He	4.74621277032	25.833637458	4.05841262168
He	35.964362574	28.4053143627	13.8086861311
He	15.0831997183	12.3435701863	34.529059427
He	28.5334333179	33.8901282952	2.62098548593
He	13.0001033972	19.2894286364	35.9793385766
He	26.1558850716	4.4263025945	14.7640983733
He	26.2486029768	0.864047976454	8.89189706861
He	33.620925031	4.92870632515	16.7263666372
He	30.9987513188	16.6554894791	31.4412518378
He	31.9431105611	3.39422669294	24.2901481237
He	14.2169683423	17.1798394817	16.8703807976
He	22.9732627172	12.8199620541	11.9337590187
He	15.5408888031	19.8290222508	6.29841049578
He	15.5919246061	16.535759552	28.8499029117
He	15.5266015321	7.65112686108	17.1543926248
He	23.8449492789	9.04502301363	17.3740348901
He	3.82501352567	29.8561796336	21.1258022831
He	25.0484514915	9.18914214713	1.07821830116
He	29.5946943685	1.92388188726	18.9786583527
He	21.6124126469	26.3276022585	10.7902976278
He	17.2441485089	20.4903649589	33.8124632893
He	30.5887459852	3.5358925595	14.6109625675
He	26.3156787314	34.8222984568	34.656228165
He	20.3283463331	7.87002800943	16.826653968
He	27.7688169766	10.8304000821	32.2686877503
He	4.5256940885	19.4086807922	22.3188914889
He	6.68673859525	34.5632600507	18.8072365817
He	12.5143684722	3.33893205091	13.1707396545
He	16.5922894944	20.4673841641	18.1486418849
He	0.407327357011	11.0111969714	23.9846430765
He	25.6626475134	21.2899309797	2.90186790895
He	18.1548452742	1.20488138739	12.9057259716
He	22.4204288246	28.5940773062	14.3304260631
He	27.0968586823	16.3602199978	26.8527308426
He	0.884353746288	10.6823231278	30.9190940543
He	13.8536480763	13.8177738226	21.8869789131
He	31.1384785884	19.4864520666	21.3512595609
He	7.607731384	31.0596245847	26.0706172628
He	24.0124280907	26.6440666316	8.04755246294
He	14.3387017782	30.1117364949	23.0601016532
He	6.85011817595	32.4195843431	7.27549285642
He	4.99382630179	11.0024990498	33.1709856124
He	13.0527739719	6.86070245784	13.4830599751
He	10.2252063892	0.27530694552	33.0960853112
He	29.838085358	19.2329145727	24.7028464028
He	15.9955679927	3.43923946638	20.4986786361
He	22.1258797233	31.5718486028	2.07981087587
He	14.0133680267	18.8475731325	13.2108356396
He	5.72354160027	4.82139347827	2.22234833489
He	12.5611739054	25.7164738134	26.1344604349
He	31.5149679917	16.2636998338	22.5932723022
He	21.3238671881	8.13095760235	1.79040889155
He	12.8865706821	21.7137806359	24.5491498772
He	18.5665927404	4.63179096466	29.1650549857
He	25.9936281064	24.3867574885	32.5810698442
He	18.7204928482	7.82395426932	31.835925055
He	25.994625422	20.1328228076	24.2304421115
He	16.7621148397	19.2202863531	1.39941528091
He	33.0726595359	14.5281563943	4.81559926869
He	6.72937201175	0.651915939275	29.4203611078
He	1.19292081316	29.7914186881	34.9335907493
He	0.179301157995	23.1608762954	21.6704174246
He	31.5464086734	23.436065706	15.9283451618
He	33.7594304866	0.832066217489	19.2433472972
He	16.8062048447	6.56415482988	4.90928230649
He	22.0770684152	30.3038408925	21.5334058269
He	14.0212621919	17.4011658891	2.95259783374
He	8.57565571903	25.4827490526	2.96520430465
He	2.99656266977	4.89543629635	29.5782136659
He	22.8468087427	17.6724286884	16.1294139552
He	18.3414128183	1.8093141714	24.6479438457
He	34.3611538733	11.5476994669	8.74925780106
He	34.1442001607	13.6376471582	12.9206403508
He	2.65673991724	25.3790416531	28.1239952099
He	19.4980079366	25.1228076421	3.03791274122
He	7.85754851029	7.38957264348	9.75490829583
He	17.1264132339	30.2908578558	20.5676990434
He	10.4672653269	27.1969959123	0.288135864397
He	6.70632127037	33.5853553823	3.56542519296
He	4.86970985368	2.82622876282	26.8558530002
He	1.87272615776	34.5410762558	21.5919775212
He	14.5341359674	22.9342750457	8.65486674188
He	0.205736819118	26.2081863799	3.32164037004
He	30.6849103653	34.9441968048	6.60314969313
He	2.32422301214	17.5531206923	1.88608245476
He	17.0955044003	4.31810730341	16.1914754227
He	2.31460372864	34.431930334	33.0810199147
He	35.4298647532	30.93163746	22.3882202887
He	34.5794995241	0.564742074074	9.1867244367
He	9.15683476837	18.7373045888	2.89160645123
He	5.19650615141	27.7919261829	31.4752427342
He	19.9926651863	19.528853097	29.4084652721
He	21.9669043341	3.1400164605	0.311011967836
He	25.5756714746	11.7598454898	28.3389860162
He	12.5423426779	35.8443016386	3.69978774786
He	24.3845717599	10.0165685749	9.86523103782
He	7.96517459953	9.55176797366	31.8771414405
He	15.8424859899	26.8775838097	25.6338735847
He	29.3448749738	25.6599050071	8.31026803089
He	11.6497101554	35.5320968808	12.3763564333
He	34.0791885895	30.7946501416	12.1242309075
He	0.47320639639	13.9865150074	25.3255667265
He	25.7853707892	7.89110508644	14.3535722603
He	15.8359972369	35.1171806254	3.56414109411
He	10.543014074	15.8156478234	20.6961535929
He	28.810833782	3.87885439245	32.6916507759
He	16.2364846083	24.6764916615	11.4721424651
He	30.5673491195	27.8850029759	20.8794705576
He	24.478201674	16.6347656092	11.0876095661
He	35.7142245625	8.13570290321	17.5224672823
He	25.1339049488	5.874721419	2.27481753912
He	15.4414583167	4.50605839468	26.5852212959
He	14.4887086927	9.75565076199	6.75154019269
He	23.0262271507	11.0008525621	23.4266536992
He	21.1704241952	13.7089842471	9.23966865558
He	32.9982824768	30.0350478617	32.5354020325
He	19.2964016488	1.0770656754	28.1761700507
He	19.7026502903	20.9869966184	2.16765067909
He	19.4550067526	13.6145400022	33.0316994521
He	0.725163730538	19.2719662905	5.07433806668
He	20.2965925318	5.02113115916	23.7788820829
He	17.6057953547	18.4307175154	14.1458814384
He	17.8010388943	13.897382882	29.1182273058
He	29.5857649698	20.4286172981	17.7673856821
He	10.6613561767	25.7162621629	11.063834726
He	15.3156314646	35.8268479782	20.4435503
He	22.0118386767	22.8209331861	26.165205858
He	12.6384246583	33.4870294069	17.0437823322
He	35.8456120599	3.52111984386	1.95590803843
He	13.5590504314	30.044301802	16.6893445638
He	31.7582531541	6.86422644779	27.6078478626
He	29.3927932837	22.2594444863	26.3657243966
He	19.104195228	24.9865635976	14.756920833
He	28.0285155039	26.7149771277	0.719014432223
He	8.58077937429	11.2915831458	23.6093886013
He	0.157345931144	23.6234697291	30.0850290923
He	35.3379496325	26.7585094404	35.0432154261
He	18.9661280832	29.2834624036	1.3297132726
He	15.9260258753	35.155086845	35.2389774204
He	18.4015725539	33.7071765656	1.98752240864
He	35.1430014442	22.446632319	5.31155972347
He	31.5136810299	16.9052478931	2.53337334708
He	19.0448356868	6.00854023524	35.2630116984
He	8.43559199409	31.323236071	16.2744746743
He	12.4537349414	24.9200491568	3.45862707903
He	33.5958280927	4.56205284198	33.7308399965
He	17.9565109501	28.3991473469	30.4082895402
He	33.1455538072	24.6878749077	7.23625994393
He	8.24620726186	19.3009144767	12.9359166256
He	19.9577840735	23.7114897485	22.2071860523
He	24.6759254688	25.9589447056	28.4433210618
He	30.1485258011	5.69459942028	6.42686228665
He	3.63671209389	24.2398646691	18.5062254873
He	18.9364091291	1.21359873747	20.3691607959
He	3.62639610491	22.8997253993	23.5035780378
He	4.05223277906	29.5438074869	12.7080283094
He	6.72797702512	24.131884476	24.9280967239
He	23.7940446183	4.70348023713	33.7393074189
He	3.60246959928	2.030445181	3.13294055733
He	30.2900666536	24.1953895751	35.4741801477
He	9.25954372627	26.9812022349	32.8926120664
He	32.9011657712	9.05118065379	30.421691476
He	6.13736643031	25.0046444435	33.8843994356
He	19.8108650738	27.7804029975	16.6194093784
He	29.7932598786	16.8235968035	34.8015721794
He	27.3576642325	13.4107118092	9.146255525
He	29.9788577454	3.31592758633	28.4384245733
He	35.7158017331	17.0479117392	12.6443947461
He	4.00509108204	15.6664549383	16.4614911174
He	24.3571891018	0.571267544117	21.3826794023
He	30.3220224063	34.56695587	28.9197809934
He	26.3230165733	23.4995244282	14.3542197703
He	23.0529073322	30.8421668983	10.178467344
He	14.2801448489	32.4271619505	28.1278776704
He	34.0907757252	20.9164103215	22.4185422028
He	29.5246082847	30.1546895291	13.4210524041
He	16.1206909149	10.0812980749	31.9370128201
He	11.0827226252	33.4018070797	26.2968657444
He	9.23751981591	19.909829766	35.493642615
He	20.6341004529	35.8349180188	7.70334866222
He	34.0342988945	32.5666461913	30.1359037645
He	10.9771613278	25.9526183828	19.9895519877
He	26.8809953876	35.7010888514	28.7400567115
He	14.5160420734	13.8328587304	14.0763719473
He	32.370347414	9.61303747826	34.4397538418
He	31.1163860025	21.2047820898	5.69230897781
He	21.0031368366	19.3566414062	23.432313545
He	3.09122383373	15.7893986979	5.06605849815
He	25.5008616403	16.2060518348	18.3821257748
He	9.62693266655	23.7277499882	14.2988362619
He	24.8302120928	12.6000587626	17.3639591353
He	35.1639056141	20.7963083187	8.42406669553
He	6.78447195211	15.0003822793	18.2863319748
He	14.4258977658	35.5781037591	7.02411726533
He	21.0533857385	15.3535170395	30.1663441199
He	18.3631663318	15.9730078907	20.9779360488
He	9.5341100002	6.04198794192	4.5097678029
He	25.6146372126	7.21985512805	31.7541238702
He	13.8390395196	21.6941718886	2.27143862007
He	9.98168619155	4.20484992073	8.38481985857
He	27.1539947003	31.8052752758	16.9888540674
He	13.8920485907	11.9539164116	27.8060476481
He	27.450940662	8.79981708652	29.0608846539
He	20.8224280176	32.8599266262	19.1214708248
He	2.80990049539	9.15744326779	19.56609402
He	2.14919068047	0.471465460902	8.43784966088
He	7.2141679749	9.42267416377	20.5352250581
He	2.02821646389	12.603817622	34.1151253321
He	11.12424684	32.2102792041	0.452418604213
He	21.1150447721	8.10017814207	21.4460076344
He	12.5755830942	14.317797688	31.9356337958
He	33.8793828831	34.1329953805	22.8479921672
He	11.5578740396	25.9861369995	16.3618557607
He	21.4538152859	2.73101270517	12.7135972064
He	1.66380882492	0.218646122569	12.4809160577
He	24.7590808146	14.9254223066	14.8808172052
He	16.3737972347	26.7846399006	22.2797051016
He	21.8269115273	2.52735176216	5.01194454591
He	5.98336800555	25.4407858773	13.5824977992
He	18.2668142693	29.6693356926	23.6776252687
He	1.0425743184	29.527746681	9.31221866388
He	8.39719134164	29.9068599581	34.8987465847
He	15.4509838354	14.549650548	26.0125048019
He	25.5074146757	6.40291357864	19.6390044246
He	25.8234935724	2.95560737606	17.9791632213
He	6.83225792119	28.9215557551	5.8870750232
He	12.1387006368	10.8431812097	32.6691840086
He	16.1622796559	30.6962661919	3.39044070486
He	22.6001118298	18.3826374395	30.9105693478
He	19.5718878185	27.3262871702	20.1013597237
He	14.6392954784	1.32388012924	15.8100818204
He	34.5819970517	25.9304250943	27.362676519
He	9.37378143832	34.6540458439	5.90996730385
He	22.331210602	6.72169183233	5.31584426391
He	34.6007215164	1.40902379662	23.4077956046
He	20.1166721865	5.87676793852	13.2691172902
He	26.9839880715	28.4994087209	29.3070957928
He	30.0443967773	17.888923571	27.8943561041
He	18.8616293917	4.89751331124	7.44872651176
He	22.5571850614	15.7914700725	33.8622180558
He	26.795639825	12.0405692836	6.33332421242
He	19.5871968087	10.4961663437	29.4204736065
He	17.137882073	8.26381046897	27.4061597222
He	30.2695877629	28.5100852556	10.0499281882
He	29.6252746489	6.61659059123	12.1655719526
He	20.2785980133	30.7905501231	12.644826777
He	5.11649171188	26.3527996937	21.2543970658
He	3.96960523616	35.0783474903	0.166750860349
He	27.4217365471	26.5857713721	15.8258973669
He	23.0200212805	22.9266542402	8.97174607745
He	12.5746506869	12.7664939237	5.79736048392
He	28.9665403645	18.7332428838	13.423068176
He	33.1246320444	23.2708028273	10.5698772643
He	15.5600878053	27.3821703854	14.9758176989
He	3.13068282122	7.71789842431	5.48310671471
He	13.0292060308	28.601866585	19.8456879911
He	12.7975360562	2.74940908477	6.44851226428
He	8.83289818398	31.7154787887	12.5095051826
He	11.9260063229	21.6878020756	5.2343380326
He	19.914168488	35.9094117105	34.8113458095
He	12.3643228586	4.06050368588	35.21508817
He	11.2571771324	21.0069502039	32.9577694305
He	15.3057834153	16.2019401401	35.7644941529
He	17.1950241628	7.71625710926	13.6443332747
He	10.7972627821	31.876561366	7.91876793259
He	12.7045479015	10.5802854358	1.33411555652
He	8.07506078686	27.8470770932	15.212012617
He	35.6423099768	1.61671753333	32.3269014623
He	24.5492649965	14.1490842098	21.6426520629
He	32.2496552258	7.47200551794	23.7698362148
He	16.7694372606	11.9056981723	19.1523953194
He	9.22164032302	22.896210454	26.917853369
He	18.8557515293	9.67881170373	34.7154810192
He	1.67522436831	25.8365390069	32.163841172
He	3.65198521262	31.5171078761	6.10066908691
He	9.91011959574	29.9244735118	22.6268735465
He	27.8440593249	7.69885962302	22.7323835426
He	30.4489405179	34.6710013755	19.6409827112
He	8.95638613979	33.895085471	29.1982325503
He	35.0286737878	20.2784507787	31.3077400919
He	19.5255349917	16.7901410813	0.441365376123
He	34.3545727635	28.1201347998	20.578230388
He	22.0842812122	29.4521192524	30.9643378648
He	10.4356593563	10.9779531934	29.6736648979
He	26.675346267	0.391998355762	4.47955056884
He	31.444024889	28.8078522037	28.5056635644
He	18.869356336	0.75469951085	16.3426539662
He	31.6558166257	25.280614661	29.5690377014
He	10.5324901531	14.6133606088	8.15062172307
He	8.55145197164	3.9917881639	19.6609940804
He	26.6450702253	26.7726924838	10.5966968583
He	14.7064803412	17.3138920368	32.314135555
He	5.30546756829	3.82353832441	6.25452063215
He	16.869015754	29.8231139338	27.0124838374
He	31.5758316133	18.0697406014	16.0175653502
He	7.37363079589	26.7994883412	10.3858499592
He	28.672922427	9.24189150441	9.91212731862
He	9.52349931565	8.09054727172	24.0032129905
He	20.6050658942	24.5078997744	34.9925064635
He	23.9978031127	33.9683670114	8.86223043205
He	33.1375123868	12.3434155163	23.0903544521
He	21.3567187384	14.7335380018	18.9439823273
He	12.5520172053	25.3999916441	31.8534093397
He	7.15518621155	1.8976036499	17.1304420684
He	33.0266602011	29.2107388941	23.8504697449
He	6.67728339539	1.41496899548	1.70655866671
He	16.9599343302	30.6698226993	16.0423728134
He	30.0903012616	20.2128868757	10.1995867329
He	28.6533896721	13.958999788	20.2996595107
He	10.6974438274	3.63202616747	2.37918607072
He	18.5841722421	16.0906795725	8.505220552
He	24.2983212491	16.4398486111	25.1871779047
He	32.2945520156	5.53407381522	9.81675334667
He	12.0483163003	17.4006451147	29.6109347114
He	17.8713583751	11.1729830266	8.77762857594
He	33.8219410376	20.479082745	14.1169392659
He	17.7830691423	2.03775018043	0.929271798982
He	0.307186657268	30.2633084498	5.17090148716
He	12.738958026	11.710062249	24.4396236491
He	2.20269231685	33.0920824097	18.0154306837
He	17.6411924266	33.0654215851	25.889838958
He	10.8711520791	2.00971676676	16.322341728
He	9.04474112873	27.345605845	25.9146824409
He	32.5318687885	31.5264258673	20.4677235864
He	20.4713231536	21.5021620676	32.7307678815
He	25.828444251	9.25605090635	25.7649439198
He	25.8243147883	30.0434389782	22.6335982958
He	6.5308420401	7.53051792206	34.7241238803
He	31.3272651919	6.88020721713	2.73517916196
He	11.3819719242	11.2158027667	14.0827462863
He	9.41648278231	12.1130102002	19.7522662009
He	8.81029334278	13.007382922	5.0054795479
He	11.2641790271	16.0698387623	13.1637206894
He	19.6622638001	18.9153368954	17.8321254962
He	23.3496474053	0.404388644512	28.0915204693
He	31.0204157399	4.29008612036	21.1271095301
He	17.1109400549	13.7980523912	11.0782372235
He	14.441490585	10.5003175205	11.983983406
He	24.2857147349	0.745805193529	15.3968744278
He	7.00875252137	21.2913271591	33.2018968411
He	30.469280167	24.5257849034	3.63573596383
He	13.7914862528	28.7302349851	29.2024857678
He	21.9897929741	3.66080357311	8.36270593906
He	29.3936564839	9.84781225641	14.4404818224
He	0.422350050174	17.5033965671	25.9837346614
He	29.9529909256	2.85048114411	8.93522132516
He	33.1762287097	6.71815673531	19.4968768911
He	2.53531761719	11.878954901	27.2299347246
He	35.3947842532	7.65500170244	4.7942942823
He	13.2951488223	23.7068613765	13.0167766856
He	33.8282451397	0.0116178263889	5.69969312255
He	2.89681223282	28.8000475066	2.71143686834
He	0.530502717576	35.9341292547	28.87995945
He	29.6393307318	16.547035477	5.63603714425
He	12.0879821735	3.24004740719	29.2810267075
He	6.278385267	35.3094217629	13.9206563037
He	25.5190168187	35.4533588071	24.6451974931
He	16.0761468047	26.769360403	7.32045886217
He	17.0377825773	8.21763335899	1.25813402451
He	33.9903297626	32.6947943545	34.4709236146
He	26.4952668641	35.735979326	18.5809015634
He	2.53361347259	13.8606389103	30.2313506078
He	8.38134764356	3.80331396111	35.1376361718
He	28.3482131739	4.45877933144	3.35992937555
He	31.6232689248	2.91425730262	1.31162067417
He	24.1219097553	25.5946853445	35.4010956231
He	4.51559939038	31.2951952784	35.7689794074
He	19.4118230273	18.4621754288	5.59946345055
He	8.33333505984	13.9969176205	33.3119793991
He	29.0419507118	35.8477095749	32.1264044069
He	13.652382385	14.2382725116	9.9922370679
He	33.8544086066	26.5545211354	17.0493199346
He	31.174009175	26.7856246807	13.7585391018
He	14.3368867035	8.17570062777	34.9522251161
He	30.1912944097	33.0153797624	23.2783029266
He	28.6234149222	9.72316022942	4.04853160641
He	6.2101729756	23.1398593688	29.158654438
He	1.24242028551	8.50736700304	8.24472057084
He	25.3855729882	13.3199406039	32.2527774916
He	24.9565480803	5.98045543971	23.3133323437
He	19.2949364469	13.1355524284	5.68943627653
He	27.8624882922	30.1314094803	2.51345943512
He	23.7421686822	22.4897167225	22.6331339884
He	27.9522965998	22.4075087854	21.549094108
He	24.9262453921	23.1243989312	5.90076391599
He	27.3791065386	19.8951875246	30.7837820353
He	9.22150609378	1.6299291023	27.1803090766
He	16.0791888667	26.4551500363	18.5973038843
He	3.42521343947	26.4716794685	24.5579870703
He	26.3620202396	16.9174622312	33.5694297994
He	22.7723789921	9.85918501224	13.6218551706
He	12.0515556382	17.7289708962	6.32939486862
He	9.28964502153	17.1718877383	26.9919454911
He	26.0997150626	12.8497237142	24.9287426779
He	6.11770780393	18.0159683864	29.3064503531
He	14.1155371025	1.45368938381	0.974816931147
He	22.4206785184	10.5806532571	31.789164098
He	26.4881876942	11.5509977033	13.4484714823
He	20.4544740629	8.73381094051	25.0848294886
He	12.3454274703	29.1239024283	32.648464771
He	33.7897367146	16.8792405661	34.0219520153
He	1.63973320985	11.3877925937	10.917613848
He	30.1503866944	27.1119145599	32.1709671592
He	28.8764904859	11.2803145724	0.170579243237
He	1.54789633195	7.915533791	22.7096053998
He	0.828479034941	5.31082664753	13.0548670464
He	22.579277398	15.5083680029	5.39362180727
He	0.534398178991	23.5949535176	25.4157577865
He	0.697508172809	23.7162087927	9.13427166333
He	13.6140503367	33.0712945586	33.5287973106
He	15.5265646141	25.5151738763	30.4504083099
He	19.4746665792	21.3199512043	14.6744320231
He	15.9700202854	10.108573467	23.5304900724
He	28.2719281442	3.27858311607	22.7614523855
He	6.65980072465	22.7923279216	20.7733230216
He	35.6408003255	8.1633594354	33.2094576464
He	6.38842983915	27.6323954459	0.786172852389
He	28.4185999245	18.9025659835	3.2286955718
He	30.2969636867	25.1401507908	23.1933405311
He	23.5010787061	26.0340067323	17.3715050694
He	19.1115219577	0.410351981022	4.22170434401
He	21.9207151258	17.7480773628	8.14088967792
He	34.2633313151	34.1458531224	17.5551294556
He	1.49185344005	4.26538547851	5.63855432029
He	31.9432171581	0.214961471389	15.49356138
He	22.9548644912	12.0005570428	35.5036036264
He	16.7333319256	23.7925080089	0.691131671718
He	27.7372927928	32.4959152097	6.90524872281
He	27.6272962684	35.3628505245	21.6580495303
He	33.6697270194	24.1735481616	1.0399285567
He	25.9625695176	29.5655465289	13.8775378037
He	25.841527396	18.2547290972	14.8508301121
He	22.5781313749	17.9979502904	19.7726110485
He	4.25851064481	18.5042933203	32.954394247
He	23.124746713	3.51285275112	20.2495130189
He	33.3595988863	15.0058329558	8.70343798893
He	11.3885776683	7.13154601627	1.04294613804
He	33.6178603301	1.18486474922	35.3387881837
He	7.454882525	5.11690853201	14.5940455242
He	23.6089417347	29.8129326917	17.7786026566
He	5.54887441473	18.8916163778	3.90399655552
He	28.8663871167	31.3693859769	20.476052905
He	35.0853966959	30.1371784255	1.64565172702
He	28.2212629485	21.3055269417	7.25763290025
He	8.66928197754	17.0595884553	6.15830494203
He	32.0067272261	17.0278134911	12.0024634978
He	12.1116798819	35.2152520554	29.8301602583
He	0.0371832941809	11.8040140927	1.72346253516
He	3.14003678933	8.0703055775	32.8268105266
He	12.9683597279	24.8305029925	22.9162927832
He	6.09145377369	11.9598469439	29.7258929336
He	32.1786963259	5.34431707533	30.8388111019
He	31.1604536912	31.2693392299	2.37235026127
He	16.3356541021	6.76818480411	9.29993045892
He	22.9541165048	4.80211836918	16.248067683
He	35.1534586375	11.8778980117	16.6881624139
He	23.7135147062	26.2375338824	20.9702669825
He	12.5015620333	22.5668545473	29.685436261
He	20.8295639842	34.2375035442	24.9331510282
He	6.88464498504	13.4406993532	26.1707430869
He	8.54202072644	1.57864204491	13.3209377474
He	23.058800349	21.8951295117	15.5256969503
He	16.5150366723	34.3025747974	14.8423588854
He	28.9616444606	17.3033571147	19.0322241401
He	34.0036951486	10.2368224391	26.771722523
He	1.80539733098	20.0438827782	10.8976208814
He	20.9289686075	33.9185611071	11.2892365277
He	25.8695762909	2.71362220314	26.088963537
He	1.5533145833	17.7456528736	29.7491507695
He	35.9893706081	23.7548448519	18.0120852804
He	16.8786396836	2.4636214386	5.98683067382
He	2.16269728556	19.0534606238	16.0405563627
He	0.684714033636	19.4891543118	19.7218443919
He	14.0813375577	26.8721575212	0.0676959682561
He	5.46328554681	1.85383924888	10.0754555043
He	32.2036986251	11.0402283675	5.33490985895
He	14.3254077658	22.7304705842	34.4924039652
He	26.0673577448	17.8349160501	0.985382104271
He	9.10171302354	29.3080958692	2.70563456711
He	34.8609783954	8.43067323093	10.6487722998
He	31.9702449766	32.2836642559	15.154735302
He	27.8082943237	29.1724811278	7.45609308904
He	11.3379878513	28.2863250322	5.77669614013
He	9.82005515064	17.9629275408	9.40789385528
He	2.36338547055	30.7702414312	31.838118816
He	20.3692860944	33.9651598859	30.8735953326
He	35.997743405	33.7657360012	25.9392424934
He	26.6629927161	6.21652206085	8.13404999712
He	18.3361788682	32.2243731237	34.5229970654
He	1.25394744663	20.2847983191	23.9522409407
He	16.5488397703	21.2493892681	11.9709696168
He	0.908254681598	15.8709276216	32.8034805784
He	7.90096816844	34.7995018132	10.8882063034
He	30.775454287	22.8259003181	31.9589102233
He	22.1653658761	18.8934812018	34.9879453161
He	6.78899571056	13.7538593893	14.4200562326
He	35.2633045693	16.0704118762	2.22122360209
He	15.9448623653	20.2942243448	29.5150778429
He	29.8261550543	5.40776530245	17.7394279363
He	22.2480720607	2.02426258816	31.4068156162
He	3.95242150668	13.4029010009	7.36602620683
He	30.5250006819	20.7843017917	0.472334349017
He	28.9665099153	14.2722569626	12.2826589684
He	21.3603674071	3.74797779673	27.0470496657
He	5.52751402916	19.5332043447	10.1583638878
He	25.2444196802	32.6772425243	20.1354976606
He	1.09257431948	0.636252323397	19.1632631001
He	25.1512115713	20.2313047513	33.2726074951
He	11.6462811857	13.9622627139	35.6819004596
He	17.8744020028	14.9426106978	16.6734951104
He	32.5514081644	8.01699813121	7.77548495222
He	13.1704759499	6.38071234531	5.63510070501
He	29.2157845096	1.07282766055	35.4187132153
He	27.9114795201	17.6956309219	9.34247419671
He	0.530330030685	35.5044521064	0.53341998376
He	11.0561203001	15.3814329427	3.38672875534
He	24.7631559279	25.939203449	3.0298941706
He	2.81221135878	22.1144684777	3.40401002905
He	24.7310448811	21.8437247053	29.8601268311
He	10.0355979321	0.406599183822	0.995965208402
He	18.1465360418	28.0808429408	12.6533033533
He	14.3067448027	9.27766076693	20.3218667428
He	25.9408743619	20.788679143	12.3387885791
He	24.8901768046	30.710283806	4.16683561398
He	33.7629785032	7.82186348923	13.7845152091
He	15.6141094407	21.3230821645	15.2647761841
He	3.10086005017	33.0176452798	24.353915765
He	14.1624218027	34.3306624645	23.7902434718
He	22.3216369446	32.0217629606	34.3989525014
He	0.62251725161	12.0606016329	20.4089702263
He	10.9901214366	19.0679472348	15.4562972497
He	30.7073372829	2.2950459339	5.12506989519
He	24.3820851575	15.2395828603	29.290530181
He	10.2147927794	22.8686155639	18.7387860351
He	10.4255401565	0.420377828062	8.89496374077
He	17.3323068839	11.8440529581	1.12666523437
He	32.8809009623	21.9672206661	29.1631214201
He	29.7930477983	31.9497383476	31.6916861304
He	35.7014413679	5.92195815829	30.487064544
He	26.7750048096	23.3038829243	35.9312759709
He	22.4147413212	18.8093998151	2.71018121375
He	21.4191674962	26.652167964	23.6788702213
He	25.3375849703	30.2428826376	0.127661237085
He	22.6526716003	35.0995233963	4.66356250037
He	18.8436622494	17.676986057	32.2199689641
He	3.78954565274	17.8147689936	7.74702241161
He	13.5991508792	18.0561016262	9.66596453633
He	13.8909965568	32.1935520442	14.0055959128
He	20.575104329	24.3218469393	18.0995195541
He	31.7532908447	35.3850544774	2.45031590465
He	10.7408767724	7.10112285547	19.8011711638
He	22.8122574763	29.9139628483	24.8530146027
He	8.54205043784	20.5306121127	7.32970217907
He	11.0179237848	29.7426974767	14.2981834956
He	11.7694270552	7.45846129805	9.71288106315
He	34.3601923035	25.8816646969	23.9086721146
He	9.23283415103	6.7877971324	30.4817134408
He	26.7877973707	17.1842579447	22.6101162845
He	9.70949585441	22.9409759385	22.7797635241
He	10.1277356319	9.7333157844	3.83601130208
He	34.8848943647	29.337459239	29.3658850326
He	10.2221530934	10.7192250218	8.64795398758
He	34.0140832365	2.9307148161	12.2249929452
He	20.1269222393	33.116070018	15.2601993488
He	14.7686771369	0.494937863986	10.915876445
He	3.22833258763	9.39134999444	0.480506114706
He	31.2203629409	12.5499563391	28.1244921427
He	34.0355965396	4.30768244902	5.37921346575
He	30.4232249682	32.0301387322	9.38525178337
He	5.04257750988	31.9599015078	15.178432629
He	24.6549572376	33.9314021044	1.74008541781
He	31.2719792767	11.1828594532	11.4019796709
He	13.7536926209	19.9994576403	21.611353421
He	23.2115956056	0.163353561237	35.2773596012
He	17.650250387	24.2587485267	33.0215653087
He	27.3750446143	31.455203112	10.3117991729
He	34.589428059	20.4189110693	2.04171780614
He	25.0082831865	32.9685764801	12.7248527864
He	0.413068137887	2.48852174571	15.5066710664
He	2.30645152478	13.6271785915	13.9799923736
He	11.3606122284	21.2270750887	10.1146079858
He	30.2792819246	33.3084254324	35.3898873599
He	18.110125366	12.1125782292	26.0204848131
He	25.7887130896	28.6568614117	25.974744925
He	3.69310818246	25.8489131293	10.90984142
He	35.4776209944	17.0524720022	22.2403340169
He	15.2944473465	30.1908075282	35.0664733903
He	2.94193475288	33.6442424983	29.6422083282
He	9.44241607635	29.9236951798	29.0343199278
He	14.6569491101	31.8400042176	6.60384902172
He	18.7379435992	22.8092011615	29.9335469412
He	32.3707793076	31.6703445794	26.2961371718
He	29.1829128038	10.221558338	26.2597330576
He	8.13458299335	22.7138207882	10.2833886596

%ATOMIC_VELOCITY
He	-8.96402092864	0.730148661035	2.45293509543
He	3.25650301504	3.88821430651	-5.52852121882
He	2.67136499959	0.641617314165	3.08150225367
He	0.96708133891	2.91144411946	-0.545349107152
He	-1.8119481602	-7.4479705946	-0.290240786411
He	-5.01768308491	3.51307516851	-1.99983114659
He	7.74890378102	-6.93049411544	-5.86616106381
He	0.360473429181	-1.91640753035	3.9794210946
He	4.34878575537	1.77568556639	-1.50333422449
He	-0.970738797042	0.0266012808066	-2.98854542085
He	0.911400827034	0.16367317914	-2.42790151922
He	1.62776269696	5.34799463338	-1.59209655079
He	-8.65540077592	-0.768785577777	4.8255177457
He	1.70444419541	-3.72211945389	-1.13664218665
He	1.58746857686	-1.46269143644	0.000310175418714
He	-2.67172672884	-0.555779502006	0.416343595295
He	7.96943620688	0.0179503071986	5.20552673707
He	-7.54214279207	1.78063677517	15.4761710637
He	3.66062882123	3.4342515474	0.976279273493
He	-4.15902331437	-5.11561940785	8.86162448045
He	5.20816431258	1.23608157502	-5.88905340407
He	2.3487427875	3.48832229886	8.91850973969
He	-2.76867386469	-10.3731304568	2.24303685647
He	-2.17812180059	9.72144291141	-3.3452951687
He	-3.70002611382	5.09739579742	0.702353093522
He	12.7313985714	-5.0990267364	-1.35679717951
He	8.09822613644	-0.598751166085	-3.08230032181
He	-4.20290867333	-0.298598107913	2.0549260184
He	2.18325599229	6.47264379906	-0.884404604165
He	7.74251426927	2.18459302293	-6.40055616076
He	-1.10879580765	0.366935058734	7.17257816719
He	-3.42169461504	-4.06420552011	-1.01213394489
He	4.04001579986	2.18122954487	7.39573546513
He	-6.00398053766	-0.298619702	7.86833891478
He	0.892243682402	-6.97432900709	-3.29843268528
He	-8.01243365652	3.18852976028	-5.99076722472
He	11.094203394	3.67852519397	11.323119467
He	0.301163560555	3.05119101455	-0.580298644445
He	-1.0350419318	6.49586588451	-6.68666520463
He	4.05708461454	-3.2746305189	-7.20726512522
He	2.96283077583	6.64915107066	-1.00316323863
He	-2.04280086168	1.46614186723	5.12100842678
He	-4.51739824033	0.790565809085	-4.70266303235
He	-9.06384782799	3.55909293707	-1.83709628041
He	-11.4069314855	2.24425110822	6.32161648464
He	0.847325477215	-4.71161307169	-2.23507023971
He	1.11778953702	-7.67229787501	6.95957720647
He	-1.40983548162	4.64323388888	6.2003521724
He	-3.62515436666	5.84426673724	7.84547820333
He	2.52513835937	-1.75235763084	0.679815132154
He	0.803119419185	-2.56465715859	-8.62334651874
He	-0.0355834288645	2.60231576624	2.48032308371
He	2.08893771214	-2.12078895919	-1.85125453382
He	5.88145702064	2.94273401997	-1.15442796062
He	-0.633707651056	2.49834902195	-3.0332105544
He	-3.75373597348	5.92059627329	5.34796761205
He	-6.32079346373	6.67937428632	-3.29966839798
He	-5.00657331819	2.13199159318	1.95404529567
He	-2.65551061144	-3.12620184375	12.3460558508
He	-5.66778764604	-2.27074376431	0.06876646286
He	-12.3311954295	-4.36547191233	-0.542049211837
He	8.41261216652	7.72407453085	-4.11467830538
He	4.62812320111	0.453214972325	-0.555545559474
He	-0.527053599874	7.05585718051	4.69199621241
He	-0.545223749513	7.55754692255	1.23231251094
He	3.08860925976	2.57678241075	-0.157637166971
He	-2.41631112108	0.353928474003	1.4532305305
He	-5.36287039772	-1.20310387768	-0.395227455501
He	1.48741658496	2.14912518449	-0.547256635006
He	-1.13315141897	-6.42863027054	-9.78357246897
He	3.42968059973	-1.54478293799	2.19890045625
He	2.06158746948	-6.15412002967	-1.61075039305
He	-8.30664877888	5.71999448734	3.94329344235
He	3.40766316486	3.73158346383	1.49572363868
He	-2.59308959298	-6.20778209847	-3.06172248153
He	-4.70967447786	-0.457448016872	12.6319842827
He	-12.1764777021	-8.39409453806	3.08000383948
He	-5.48047044659	5.4336682579	0.105887499104
He	8.61059685012	-3.79354150273	4.37481444221
He	-5.95722875345	-5.69337342884	-6.86206961782
He	2.67230180114	7.40191401445	-7.09658026544
He	-0.93955653829	-1.936480525	-0.616839358874
He	-8.23910706291	-3.43095735004	1.35251161968
He	1.9699190262	5.06786412294	-5.50516103981
He	-1.30782720727	7.45197251673	0.000192949138319
He	-8.45113238235	2.94474667423	-4.8616391638
He	1.83503953028	1.99053967273	4.23692702689
He	-0.883724034119	-3.24561182082	-1.91379327229
He	5.50893554228	-1.99744258012	6.68578499019
He	-1.59016219983	-1.97504088761	1.03199037534
He	1.08684104989	-1.8633935582	2.86808846843
He	0.282247578442	-0.824775978633	0.903504970253
He	3.38525290959	3.77102640865	2.12305904176
He	9.20238532657	-4.5690127738	-1.33733809576
He	4.00671129526	0.972163872473	-2.65850751444
He	-1.95082561304	-5.15558189115	4.98906156131
He	0.628316493195	5.97241250868	-9.53850079533
He	-1.95352975717	-0.445019587063	10.8681227513
He	-6.46470368782	0.670351765644	-7.28189482649
He	-6.87522869995	-7.70822244798	-1.07759594937
He	-4.54594704242	-0.659432336158	3.7487510635
He	6.98906782085	-3.57605248381	-0.750079851233
He	-8.62486012015	8.45850800013	3.8119735263
He	0.228025476632	-1.76442297418	-1.40345140382
He	-3.17453924685	-0.74534874427	-7.98495894223
He	4.04641292108	0.456426340279	6.2843597916
He	-6.33590082498	2.17653727638	1.15551088849
He	8.30134958089	0.21052474519	-4.76224643215
He	-1.03631392526	-2.77779286376	5.35767217169
He	-6.46406245553	1.61537686227	-3.40103700018
He	0.161636790902	-3.82141958357	3.80955662229
He	2.14616443374	4.80939809261	-1.49720654999
He	-0.738081931199	-9.29185279235	-1.73874241732
He	-0.607051007505	1.1353230635	-1.74452730631
He	-1.86447024347	-8.87509968411	6.24956947261
He	6.01900617801	-5.76563383207	-4.03563179766
He	0.850356756756	-2.79563092679	4.12907249038
He	-10.0635303994	2.30432166969	0.693727579695
He	-3.84371069663	-4.62778467785	1.51393963283
He	-7.12517043536	-0.319202598219	6.41935978399
He	3.5097030617	1.7266243419	2.05022144177
He	-0.609168763218	2.94959204937	-1.52385854546
He	1.56786599743	4.24095587742	1.83218368865
He	-1.85546061277	0.157304370525	0.791243451893
He	5.53066608881	-7.46266162283	3.39499099578
He	-0.455679221372	2.97240641142	-0.697972202356
He	-0.106800280744	-1.38945123878	1.62015095832
He	-6.64990563481	-13.3693431819	-1.98209969009
He	-0.20437807031	5.79587190675	1.55072096466
He	-7.63244166526	-5.00285108796	0.44600436458
He	1.28666936153	4.78117759763	1.88446529523
He	-8.61402515312	-2.21761128947	4.5967736094
He	-3.43688330266	3.01775889951	-1.59949259722
He	1.84379729568	8.14487110879	-5.59202026023
He	-8.83024349784	-3.58953502608	-4.31185845279
He	0.190614416452	-0.317852907058	-0.849171149462
He	-6.79394729004	1.54721479486	0.905749018439
He	0.738786900864	0.0596955657706	-11.4323655
He	-2.14374127388	8.6380234073	-1.94537307642
He	5.21683791123	-0.352104936019	4.99081924984
He	1.57327890815	-5.71809554287	-7.21432373406
He	0.604400581802	-0.124226460206	13.2406208153
He	-7.39272770591	-1.47097301127	-0.533022684064
He	0.245159663157	0.907901272124	4.08839351542
He	-5.00883731046	2.33734165618	0.988665277863
He	1.53972259963	0.546057654222	7.54723119421
He	1.47647862375	-2.04537273655	2.452030313
He	-2.29258224486	-1.42228566098	3.46267993121
He	4.15969962491	7.54727030342	-6.45280334209
He	2.9608985138	-7.42089236314	-7.49850313913
He	7.19993117604	4.07877220364	-4.04475819369
He	-1.95247168773	2.42794372449	-10.5113657567
He	0.312557259423	2.4455925229	1.24178987885
He	-3.07637247818	-2.26148357451	-0.990874495184
He	2.00398331059	0.387654765075	-11.8494940802
He	0.895153687764	-2.30647275464	4.55877238552
He	6.74180694249	-13.139436377	-3.53122780135
He	7.9910309282	5.62683328728	-14.2704755268
He	-4.48987294338	0.141282257958	-1.83220440525
He	-0.711028368724	1.46764944642	-2.36154499954
He	-0.479828815651	5.18849982488	-5.96331061617
He	-2.23973156003	0.989059516467	-3.81212798623
He	-2.79246140846	2.9692415095	2.56521727948
He	-5.84529100529	5.08315022681	-0.561699107047
He	-4.29154195339	7.0546734276	-2.76113072577
He	2.53135357159	2.10683225176	0.601950608062
He	0.112703369702	6.50637641301	0.0557372038257
He	3.29367401268	-0.645592267692	3.3711440518
He	-2.0473360719	3.61128872606	0.276442932403
He	3.60572742088	3.24172326395	0.969267561784
He	-0.312606004023	-0.435262073202	4.38998816967
He	-3.64639667707	2.23599616736	-3.63250603976
He	-3.0249019437	-3.13697100188	-2.85600248833
He	6.71085717147	-2.94513217986	5.00154997387
He	8.61425631727	-5.38924333576	9.76665900637
He	1.99463571678	-1.3535811148	0.691608444142
He	9.38453402408	-1.94616997578	2.82643451731
He	8.42289680563	-9.55439840956	2.34359150792
He	-7.74311982534	-5.44629992752	-1.76108638119
He	-6.15146096621	-1.16873933237	-1.84070068801
He	2.8034020006	3.33781151433	5.85302778157
He	3.95357906842	-3.71989948575	4.64308868622
He	6.95671350199	3.70644211222	-10.6471422946
He	-0.502507144599	0.533302932706	-2.44918088556
He	4.31605320112	-3.26476984282	-3.46777262729
He	-7.21613832055	6.1520907943	-5.05499938071
He	5.14731273705	3.18597142872	3.57521087256
He	2.8205297845	2.8324838128	-2.43740525894
He	2.36652607105	-2.35099704656	1.86095163645
He	2.09740086553	7.15106238368	0.0368263678635
He	-2.85567109181	2.26497230078	1.29022492097
He	2.38235938464	-1.49172312587	-2.14103386113
He	6.87564378335	-0.600810603129	5.17454540226
He	-1.72904712211	4.05906518372	3.19936768694
He	-1.70282033923	-1.75398789305	0.300466863882
He	8.79774575364	3.17622913093	3.92496429137
He	1.25093757837	-0.392252827399	-4.5866225809
He	2.41458564429	-1.6181336473	2.76479653899
He	4.53454994375	-9.17787801526	-0.602350396986
He	8.00698541278	0.205579589295	-5.74295707483
He	8.9203786092	-7.39708458372	3.07460610891
He	-4.22815654946	0.339680224277	4.86800180675
He	-8.30709634549	2.39294100578	-0.422297341496
He	-6.76457106327	4.16618487134	4.72215868535
He	5.19368276468	-0.385496797277	-0.694276250912
He	-6.24489047979	5.77259133521	-4.31780670538
He	2.55223599139	-8.4057074369	-3.6795754388
He	-0.874049731753	-0.881730290551	3.48891217012
He	3.36643521465	-1.14861702713	-0.385048753965
He	2.64265047391	9.00163213319	-1.46587464081
He	-1.34698725389	-0.606958077036	-5.84909492935
He	1.62847696252	3.76532658213	-3.65951034047
He	5.35184625889	11.1976877568	-1.8129057622
He	0.0763476875322	3.23465827981	-5.08083037871
He	-3.15220170718	-5.85982538669	-8.79338382222
He	-11.5288033724	1.06289567841	8.09042606155
He	-1.31065920078	-1.81749515667	-3.70053668206
He	-8.01038939759	6.1495679832	2.54376088174
He	-2.06164157129	-6.93536842416	0.732758957517
He	-1.59549555211	4.48816701383	1.10313565067
He	-4.30039900656	-3.8438943483	5.51588672273
He	-4.58142091749	-3.57911298584	6.74678658217
He	4.71702696016	-1.91851338313	7.45849807361
He	-5.41462056892	-2.14046486693	2.66575814285
He	-1.45807660257	-1.35399942372	1.42005182989
He	-0.480456441436	3.4604545291	-2.59197874005
He	3.98497910716	-4.78801627361	8.21234957435
He	3.8411810279	-3.58435341416	1.81861679666
He	3.2181196925	4.75648110256	10.2862769061
He	0.101838365404	0.283424673629	6.16621632839
He	-1.33887907121	-4.12144904204	-3.08488204726
He	-7.28422330877	-1.79263380275	3.87023421339
He	11.685568972	5.06353719128	5.24359710117
He	5.36790518904	5.9593192915	0.553749015527
He	-2.96944100286	2.11245988208	-12.2886521809
He	5.92911844393	1.90287111165	2.54425815821
He	0.310490710808	-1.64316068817	0.074491333202
He	-4.32431610862	0.172236457332	-5.60696463104
He	-0.349666221411	-0.489017277368	-3.68398999088
He	-1.8586792231	1.95852877054	-0.814178726853
He	-8.49085452646	-0.333187654713	1.14822029476
He	-0.674788051267	-0.630963070087	2.21782052747
He	-2.3080947451	4.19541278488	3.82870755321
He	13.8735595592	0.995775051006	-2.57020300104
He	-0.694953310973	-3.21463860135	-13.3926539273
He	-0.0759400786579	3.58218283356	2.65973850319
He	-4.66731164659	-1.27551595502	8.52659362999
He	4.85178379248	-9.76360702222	-3.79543292389
He	1.82938146061	1.43536233246	-9.34341884818
He	-3.48196801866	-5.05615764086	-0.678017972783
He	0.640346744734	-10.6574358197	0.894974575978
He	-0.617907466122	1.55893506342	-11.4316948789
He	0.626042759218	-5.11019641647	-5.82743213647
He	2.77737999108	-4.80958201362	7.23503080633
He	8.2333303593	-6.19917768712	10.4147341431
He	-4.00002108566	-5.3119690858	4.08459116081
He	-3.81752795075	-3.52448044053	1.04191160312
He	10.3360707537	-4.18441273738	3.14102063451
He	2.49345712105	1.76164969257	9.83576756256
He	8.35635584915	-1.73530290906	4.19509645059
He	-5.86180562977	3.09232377151	-1.96934932977
He	-0.7267108715	-1.49464958536	6.5121489528
He	12.2550162858	-2.69332655011	4.91618687034
He	5.97949841826	-2.73860283379	7.75241634611
He	-2.66971878701	0.861991453168	3.22965220929
He	3.70608969424	-2.70412449164	-0.240268278664
He	3.65120569744	1.53719649547	-6.5608444271
He	1.60510884405	4.19015263232	0.876640323386
He	-1.92458177526	-6.52885305822	2.51041212249
He	1.09398490549	-5.8667327717	-0.379148973284
He	-2.23883149106	-3.11630278617	-9.99742375568
He	-3.51655201825	-3.5977697662	-2.36732535632
He	-5.18736670838	-5.8986088507	-0.143718121972
He	-2.53580509947	-3.51324983055	0.765238738647
He	-0.648034237404	9.0053738926	6.49922093671
He	5.57515466548	6.04146458121	0.704837435028
He	7.04667528108	5.21477982872	11.3019551297
He	-2.32266276954	-7.98069127322	-2.63109929476
He	5.50861258186	-2.80147811842	3.7182516558
He	-2.9963091202	0.847291424496	-1.40921981993
He	-5.00366097879	-0.690462598592	3.37855461084
He	-1.09762291795	7.13409576453	1.09971809181
He	-6.73803071502	-7.43785471315	2.1497642203
He	-6.0294971299	5.94479949088	-4.59876934424
He	6.96394716851	-4.09025502043	1.47544925262
He	6.70470274137	2.07773812528	-6.23299222248
He	1.57618475284	-2.09334022529	0.529397568342
He	-3.21683235846	3.32510214887	-1.64817874971
He	1.92537627149	-2.15995241194	-1.44758694478
He	0.823441313902	0.620716110121	2.73063732977
He	-2.60680638715	-2.12712982379	1.49928182833
He	2.99965156814	-6.67835630112	-1.19211243389
He	-7.69885243302	11.3355580917	-4.73454107899
He	-3.64274326592	6.51918876347	1.85177066547
He	-8.91162756587	0.48019938188	-4.18884088756
He	-2.23997619647	-11.232842241	-0.0954098409477
He	4.59182703596	-0.0511132266215	0.179665210244
He	-3.86801742629	-4.29674771849	-0.0797014120248
He	-5.59963623798	0.00389057730007	1.07254044848
He	-6.9642745442	-10.3381137618	0.458316105973
He	-4.81400386676	-4.2590513438	-0.464386269898
He	-0.90595818854	-2.59670585352	0.220524523497
He	-6.14700429144	-3.6749800177	-2.00212705016
He	2.99097311944	0.463869654624	2.21172624233
He	5.33726403844	-2.22417829388	-4.1144163081
He	6.92442153969	-4.62328172006	-8.35505973577
He	3.73377828095	1.35895849186	-4.05957017048
He	-7.26046712538	-1.22184555867	-4.16950420503
He	-5.74946045228	6.33509559546	-8.09129372005
He	10.3339083981	-3.77626587775	-5.29828376998
He	1.9828692786	1.01438076068	3.1012558227
He	2.0132460318	-0.892550338553	-4.79223926311
He	0.0791467696478	1.44880568466	-5.22611875292
He	0.778076483132	0.240960356323	-0.32164839182
He	2.8422832112	4.85294556953	8.3146218632
He	-4.9322216944	-3.33292518793	-0.242244251085
He	-0.302430071922	4.6569530864	6.65918237609
He	-6.75213787208	-1.69048554919	2.95583476918
He	2.82613886603	0.224070373241	-10.1513524968
He	-0.457774844787	-4.06849950945	5.95675935759
He	9.66951198557	-5.72780206827	-2.60401291945
He	1.25833988932	-1.0966358741	0.412036637145
He	-0.201984247908	-2.71262087108	4.42726927216
He	5.4343812631	-3.74788024848	-4.11451007311
He	0.231640527748	0.903993400038	1.17247966094
He	-2.87272460905	-3.18655785509	0.67502037476
He	-1.70437208093	8.35717698367	0.402525964227
He	0.484638388238	-5.11286420162	0.92516529839
He	-2.29029249162	3.73405025057	4.83232647849
He	2.54027028411	-7.40606763832	-6.49102483167
He	0.901228259303	-3.24893869512	10.1322487277
He	4.89058267376	11.9485781688	-8.21598404315
He	-2.27237803026	5.25646339264	-4.7948602738
He	-6.5379297548	-5.48008459184	8.85014316841
He	2.21294310674	-0.579570806894	4.0609104561
He	3.21615492963	-8.11783913579	0.454665405731
He	-5.78406998451	-3.7184334664	-3.92078910837
He	3.36122971434	-4.62251747081	0.242141850851
He	-2.82972620053	-8.46038935771	-2.14387847285
He	-6.90686233129	-1.67900227719	2.30918768856
He	4.19604789512	-10.2570719409	8.89469904386
He	-3.92471355789	-1.05412023555	-2.70387058814
He	-1.15315051179	0.426824972487	-11.002752635
He	3.74552604673	5.35352185571	-4.81482115177
He	-2.077377528	2.2297513751	1.05385730528
He	2.84460192299	-4.13666725111	3.266099234
He	7.75241194221	1.96945970146	-7.69683584974
He	1.92211243348	6.105617553	-1.5957414668
He	1.65379535752	4.88359226921	4.47690430074
He	2.65613256434	-3.69488021235	6.29181540829
He	2.47198467892	0.71330322278	-0.0110391652002
He	-3.89417870179	0.892797373449	0.434894452406
He	1.20734709128	-4.9464268353	-3.23922255146
He	0.0279702747114	-5.82170842038	3.59848677204
He	5.8689785458	1.8207967769	2.40418703315
He	0.576313501895	-6.12797673744	-3.79284066314
He	4.96263538838	-8.1635723511	2.27483395658
He	7.83265427468	-4.63638519058	-7.61801186515
He	-4.25614892632	2.49986882588	-4.32837234223
He	3.32417031899	-4.54212146527	-1.72201464228
He	-4.77599680303	-3.35805661111	-1.34133664963
He	-0.798399329864	1.71454630271	-4.57030873594
He	1.04501848467	8.75891140829	-5.60511959724
He	-7.36622105267	5.41197348357	-7.58821698718
He	3.7971603469	3.98873375695	-1.15724109508
He	5.44019994825	-1.13111116289	-1.59086119397
He	2.6890478866	5.41621921703	-4.62226985223
He	2.52025111599	0.570083470307	4.36751258377
He	-7.54133712269	0.788489425697	-6.50517576334
He	-3.45821780331	6.16833956213	4.33015429886
He	0.409367615748	2.34928840422	-5.15170756083
He	2.97022666253	4.28531020724	2.88460138159
He	-2.96323137413	3.10219224709	-4.3636647662
He	5.9261976953	-1.14838424464	8.51439005173
He	-7.55052163759	-3.92097691288	-2.47971031881
He	-3.08374060234	5.58790515489	-3.1803944288
He	-5.66034416871	3.6133222156	-0.151406991618
He	-0.996282331239	-0.079221548796	2.31262166654
He	-4.02843149033	-6.47477619094	13.4129056109
He	1.02203777368	-5.07512144915	0.47978199851
He	0.263065147777	-1.24469077072	-2.23753553443
He	-0.561037262218	3.96144484091	1.04927560849
He	3.18777656868	-2.29941721817	0.519755925564
He	-4.2232629057	0.827012496687	1.19716017858
He	6.1954730628	-6.0942202578	0.692556282412
He	-0.234959274649	-1.97279317595	-1.30504292134
He	2.94723660123	-10.058040432	-3.77118456689
He	-4.4466355437	4.15332969143	0.00511665599653
He	-1.53332115513	-10.4353913084	-1.05623455398
He	-0.633763955894	-2.6978444818	2.51289906554
He	-0.103173948163	-0.888757377939	-0.111814795843
He	-1.18977866798	4.25512164384	1.61786063067
He	5.82537967385	2.47661200097	-7.78803006748
He	-4.73136300976	3.16288040864	4.79675420339
He	-3.84881404061	-4.89457506087	1.48431356787
He	4.33756771532	5.76103341561	-8.25098468852
He	-8.65608454334	-3.82090738474	-3.26954045786
He	-2.84713522609	1.10640141779	3.02046710231
He	-2.03364826423	2.65296885994	-1.66315752126
He	-4.76145378027	-7.62142320636	-2.57909183805
He	0.425808431725	-4.80457727811	1.01525233317
He	5.71803501205	0.185024220924	3.73382051829
He	0.63676731419	1.42010686623	1.78272388777
He	-10.003588987	5.33261688928	5.13278801213
He	2.16590309163	2.58434459526	-3.87985638224
He	-0.302714588039	0.297118710822	-1.28032608573
He	0.979373640169	-1.81720145533	-3.19939346348
He	-6.63266945478	0.754084150326	-9.6011432523
He	5.28080738979	2.45916476052	-1.90338135705
He	5.07099903902	1.44949458751	-2.65863149525
He	-2.95272701979	6.98171054758	2.53786340162
He	0.616180646408	4.98299983179	-0.77785285524
He	0.690567183411	-3.26354338164	-1.87234475449
He	1.07963624355	-2.96775651184	4.52994358154
He	8.48204508732	-8.34167511637	-4.98939895955
He	3.22702632839	-1.67380037397	0.468723932263
He	1.78627181267	-4.00742863506	8.99528038894
He	4.83530888268	-5.00319084327	-7.58804375993
He	0.690327009604	-0.37787315905	0.155293506631
He	3.37009810979	2.33121734036	-9.31320821721
He	5.48551536073	-3.45742237384	1.05439338923
He	-4.72454286828	-8.87451268118	-0.265154481714
He	-1.07610106816	-2.06656010464	-7.81216666243
He	1.07869106014	2.50837646051	-1.04044228496
He	2.6745831117	-0.930343457119	3.40978474125
He	0.836624129692	-4.06337391316	6.95336542449
He	-3.14808231499	-3.56860714508	-6.41593095033
He	-9.82852279903	-0.338898439491	9.86590061271
He	5.18323832076	1.2499849829	1.76462945278
He	4.88476966609	6.56467679356	5.87146187656
He	-2.64929719403	1.44296946571	0.843965178559
He	7.6061184757	5.54042580215	-4.88652865047
He	8.06278241516	-3.25105721725	0.965271209969
He	-0.0700680505638	1.24497601578	-4.98194322056
He	3.37642030005	-2.84894734316	-0.400813204139
He	2.4388260078	0.139821084794	-4.64356255448
He	1.52457737421	-0.394654438471	2.5342725197
He	0.36177048729	1.68956442712	0.877756160667
He	-1.46032966032	-6.72823799399	2.07108474411
He	5.91654839349	2.32909053106	0.522829280002
He	5.79785491331	-3.4343326511	1.70120032146
He	-4.43552927218	0.239908400315	5.43907643445
He	-0.956251410391	4.02587836751	-0.842449460121
He	-8.05352089814	0.739222045133	-3.13931670224
He	-1.93003158277	-1.73209406652	1.36777999264
He	0.744818344004	-0.667466402929	2.80820755387
He	-0.821632488849	3.5070798909	2.33835192213
He	-5.06520129787	5.28909167635	2.00854492647
He	1.03621242322	-0.0866941500159	0.86286815782
He	2.8515116006	1.90784205252	4.89149295496
He	-1.02922545137	5.31520461803	0.581021033635
He	2.56158589561	-1.70431446967	1.94423292452
He	-0.190915090464	-1.03986894692	2.95432491949
He	0.630927450118	2.31144919039	5.56544576451
He	-3.54112451059	-6.88305402227	2.73768194154
He	3.0588512431	6.88891986549	-1.3055259309
He	3.36243759354	5.38518637461	6.42268765445
He	-6.17527807353	-2.41382018195	1.79725396378
He	0.770366558357	-6.89170725428	3.00341471809
He	-3.4101900608	5.62665336191	-3.02064891688
He	6.9976934068	-3.10630963673	2.09084994065
He	8.27291097069	-9.02647481474	-9.94402006643
He	3.02568491077	2.82355506242	0.789893747426
He	-5.08931396449	-0.805246200376	-8.91615584285
He	1.67360765081	3.44086397555	1.7980553908
He	-1.83401878158	-3.74483698517	7.94073512701
He	-7.24983553513	4.57786082166	2.78759080678
He	2.00585072659	-3.51193533201	6.81797198142
He	-5.86706888891	6.72409945121	-6.85746507115
He	7.77154935544	4.13723461209	0.514225522653
He	5.30389511923	6.33266888366	0.85385464213
He	-1.77518330512	7.24406063812	0.451561707961
He	-2.01178492519	-4.75933755691	1.40580580433
He	-0.242037641157	3.12581016966	-1.95317678579
He	3.42445621893	-8.28443871538	7.05258584231
He	-4.19134180641	5.93624758001	3.8715178893
He	-5.82990288864	6.71135963353	-8.28523671208
He	7.27471211241	-3.8199649576	6.98043085053
He	-0.813581863101	8.29856301017	-3.75309997854
He	1.84750731969	6.27527753736	4.50271185399
He	4.17252393882	-6.7462992489	0.118534497824
He	1.20553021967	1.97248744884	-0.79435514972
He	3.12790811912	-2.07339331354	-0.948704605571
He	-5.3968161187	5.83252807277	4.85833329795
He	-7.70626197391	-0.546271768752	6.67902247409
He	-4.30367484123	-4.7776841075	2.67153969575
He	8.01240305948	-2.18959559386	0.678753908348
He	1.71996683154	-5.27138603457	4.24127358702
He	-5.68602790404	-0.827791541359	-2.27140145733
He	-9.30393443497	2.55974168278	-6.27200591935
He	4.03386462226	0.512108720489	2.58995640402
He	3.88420719026	-3.22944260497	0.78240005616
He	-3.70973852758	8.33411559458	-4.19183592171
He	6.62111570465	4.25198896622	0.00627235019987
He	-2.92335228771	-1.24466901487	3.00831319636
He	3.76330594251	0.0887610250767	9.049679033
He	2.59832692578	-2.16365291462	-6.6141337784
He	-3.00587064528	1.79779869382	-1.39968441397
He	1.96063939229	1.92594841849	4.00890259176
He	0.111674835752	-0.4943316252	-2.78159516689
He	1.54855914973	5.05956310352	3.65766459347
He	5.25651870426	9.23317738384	1.24522778165
He	5.67683593011	2.87101627184	-0.0047644521468
He	5.52441889716	0.815978009091	-7.99985976306
He	-6.45050365729	2.6537251041	9.85433409209
He	4.02881208843	7.99462980731	-4.92292556375
He	0.742681578387	1.81550736186	0.939374421123
He	4.20260516924	-0.842204863401	-2.05941065723
He	-1.25418870629	-2.5633857558	6.22292711404
He	-5.35859246256	-1.56486254961	0.854076205383
He	1.4891804021	4.77729394448	-4.02213245959
He	2.87242737306	6.27913139072	-3.57838740478
He	5.35588253173	0.209327141639	-4.03501912279
He	-2.19155721997	-1.88813663894	-0.397836325752
He	-0.999985341111	1.28382057919	7.64748298644
He	-5.3951595266	-2.69173295968	-6.0557434063
He	2.11528807581	-3.27763831883	2.23924887282
He	0.0491538838219	2.08883412576	2.92488506744
He	-4.64382780745	-0.730798710385	1.92191151738
He	6.158765096	1.83559416117	-0.489985664245
He	-4.45924094009	3.42389472759	-3.95656513751
He	1.71360740806	-3.64840119577	2.01113332378
He	-5.47985056555	1.70170059362	2.73162773011
He	5.94885232615	3.85878675435	-0.639138366268
He	3.97117277154	2.55452994633	0.103628886539
He	-3.84562765921	0.288378927	-0.923283331703
He	0.580621881565	-0.652290425741	1.22641272744
He	2.76884884977	-3.81209006902	2.03074818961
He	2.47567350348	-3.39208501467	-8.06750512138
He	-0.729476172614	4.25846715016	-1.22417678468
He	3.75860117489	7.44461646184	-0.761357320167
He	-7.01997894407	-2.42057200114	-1.76765950179
He	2.05444539953	3.5901179153	-4.07703627875
He	0.313340848454	-4.30365935293	5.05665486996
He	-2.72621074904	9.28195229165	-8.54428255673
He	-1.18464595835	3.84006506297	-5.04843215023
He	-15.5348027842	-1.72362841648	-1.93107182467
He	-2.27263814231	-2.54350899008	-2.13957939343
He	5.59137740578	5.46631150033	3.37026394485
He	3.12173640098	0.355950814076	1.8359576463
He	6.30973663737	0.393454370173	-7.1575248305
He	6.45733749246	6.37992649454	2.83820305491
He	-0.462717669715	6.52328057409	2.27755673373
He	-1.83342671546	-4.32528191829	-5.15025001215
He	-3.38867759482	8.08139546844	3.44140318082
He	-4.39809859384	-1.12292658463	-2.31040333021
He	-3.56085396779	-5.33471506397	-8.09663882047
He	0.984769239853	0.378648423304	-2.75789880581
He	3.52376452022	-1.99766134773	0.0882901997015
He	-5.63797561386	-2.65548929457	2.20952466412
He	-1.70825248122	-7.25035168245	1.35979974667
He	-4.09096368184	-5.90707688714	-2.60525201707
He	-0.425469069205	3.90209461347	6.29261411695
He	4.92775837283	-1.76047125751	-7.62162084283
He	-0.651876427205	0.276781781576	-2.59499296585
He	0.840019714806	2.13817260722	12.4804766131
He	-0.0221258363198	1.87530750101	1.81698353775
He	-1.07049481669	-8.76485658764	-2.17711054927
He	-0.98362930269	2.55491387842	-8.4025591673
He	5.05149476738	-2.70153449549	1.69939104184
He	2.49250368485	3.50452545112	0.376232174766
He	-9.58074067905	1.41525106487	-1.09767631464
He	1.25730866949	-3.42358918133	0.891349834996
He	-0.0336970121849	-3.97967951107	1.76192720291
He	-4.02557966081	10.5597448188	4.36434591608
He	0.332893386856	-2.52084952746	6.55643526081
He	-3.78602707075	-5.93818076809	1.1686991028
He	-0.946246835952	-1.20204554146	0.956180923063
He	-4.77253735761	-2.74480911871	-4.44599222231
He	-2.12366738251	3.33329489836	0.41399748336
He	-0.12855883492	-6.20634687675	-9.08054138322
He	-0.0344581983744	0.399524878906	-1.78946698914
He	-0.58177606079	-4.32417489666	-2.972603083
He	4.82382491896	11.0978702631	-2.77965830974
He	-3.08488289759	4.9032084353	-3.43207550345
He	-2.26919972074	-8.86310258275	3.05776154912
He	5.86948404574	-0.358150161898	5.52503970133
He	-2.42382859574	2.31869303337	-5.48414438907
He	-2.69114915663	-0.434474977402	1.15774778646
He	5.22704407325	0.567147816702	-7.62439590474
He	9.09102989785	-2.39894353974	-6.7578249659
He	2.85424982745	1.41085992785	4.11820578921
He	-3.06223792308	-1.71346695817	5.76354692623
He	1.27478315519	2.93378727623	-2.36710667467
He	5.94755319291	-2.76604149426	-5.51928089286
He	-0.0274695876593	-1.01977245053	-2.45660997045
He	0.222623766107	5.63731385657	4.08674792996
He	-2.39637187902	-12.0371047376	-0.585669172753
He	-2.61170824812	1.58202916181	-6.46979329931
He	1.69014677727	2.04033692854	8.13164187117
He	-3.28716046113	0.00584357557495	3.02403708137
He	-5.56966485354	-1.60863278302	-2.66664600206
He	4.43596821394	1.71795999987	-0.318977363203
He	3.78433893407	-2.75744442044	0.656955015391
He	-3.99442738286	-1.04390945714	2.43167701417
He	11.1846056683	-2.02810961448	7.24241578917
He	10.1218738413	2.25027781753	9.53320602805
He	-2.91276226544	2.01708237157	4.93115438395
He	6.24769861839	-2.430577327	-6.98138745397
He	0.863520918703	-5.95809713149	-3.34209126935
He	-4.75104277328	0.237301026271	0.0999762534219
He	-2.18317332761	0.72631353688	3.45146530651
He	-0.154244670868	10.4610750407	6.58280423974
He	-6.08691326017	3.3744677779	-6.75757727838
He	-3.87277070603	3.78356630421	0.84223576866
He	-3.65271718876	2.42603858692	-3.42925379567
He	2.62368649574	3.77519783184	1.03919725235
He	-4.42043676377	0.951780508519	4.01384950963
He	6.06586977282	-6.57950999185	4.98625953986
He	0.965717558237	6.89493759834	2.70840872213
He	-2.25913551988	-4.56484215795	2.49822725876
He	0.105039254876	1.90776685353	12.8111603704
He	-3.27985970041	-1.2587424081	2.62349943372
He	1.00498637133	-8.12349731473	0.216970003923
He	-6.59132272287	-1.86516913312	6.2343882301
He	5.9542605367	4.86413449969	7.11411436374
He	-8.93090796864	6.24511567298	-3.87443198847
He	-3.69462072713	1.62581560695	-1.30010359067
He	-2.95972958128	9.14348301464	2.48028364551
He	-0.737438763112	10.25629729	2.36106450326
He	5.23853646305	8.73710694044	-5.62506925248
He	-1.58267590341	-5.7101865836	-2.17135769912
He	-1.39779550966	-1.24655857717	-3.61485349826
He	-5.95850972956	4.11921986233	2.47761729186
He	6.55819848724	-5.38404039128	-3.48594332668
He	3.68836820219	-2.13012361857	0.974538077964
He	-2.59479406826	4.01058752062	-1.5605437555
He	1.51014603355	-3.07368198772	5.54300017039
He	3.3195193676	2.23121841018	2.40631461986
He	-2.91393428501	6.71299685923	1.45676343338
He	-0.788041560115	-3.25548010207	-2.59798151814
He	0.558894872925	3.76387915227	-5.5118150295
He	-2.43226774963	-4.6567901024	1.47346098324
He	-7.88412885446	3.98592373088	4.07606525904
He	-5.22985978608	-13.2321800504	-9.83075000419
He	-5.75740058968	-2.16962213646	2.42054313482
He	-12.884522416	-4.24959551266	-9.18694294982
He	1.71055858297	-2.49405478301	1.02060396083
He	-1.553571193	-6.90285777192	-6.55190195456
He	-0.88014955645	2.52567704399	3.20488169731
He	-4.71303070252	-2.97353606109	1.31528231582
He	4.51844409746	0.356428998809	-4.03354373834
He	3.46356327627	3.58990726768	-2.18940318635
He	-0.190481948768	5.77003658427	0.0161660723493
He	0.236613990703	0.92850111054	9.46334942062
He	-1.56041920839	2.04903098978	13.4190634465
He	7.90846800837	7.57691666261	-4.61303830688
He	0.36472056996	-0.452595658214	-4.07957373588
He	-2.07896063533	5.41143532631	3.83769432626
He	3.22518865059	7.3324706994	-3.29279468366
He	3.50978210132	-3.55723755781	6.93549504281
He	-4.22133831966	1.93272494006	-2.93548009243
He	-3.29238872684	0.525389285558	-3.97769020918
He	-8.19331980342	-3.10816048996	1.54537224724
He	2.30074981748	-5.64641641465	0.894522871564
He	-1.01187658721	5.99654033686	-9.09308550242
He	-2.26236949145	1.67121120559	0.776611999567
He	-0.149168957495	1.36823337624	-2.53665488796
He	3.47016967579	1.55261327499	-1.31629638876
He	8.46335546153	-8.43779791275	4.95699796703
He	-4.59579886664	-4.78517563331	-1.6174012123
He	-0.120064228415	-5.39861113551	-0.931664549767
He	9.19219349633	6.72055445397	-2.91638787635
He	-2.05315056539	1.10442615373	-6.73080969626
He	-8.04335093456	1.40297173106	-2.46235065777
He	1.60647567016	-3.02918358402	-2.61018150556
He	-2.09098497525	4.69410177644	-5.03698825188
He	-2.01598085725	-6.21096894665	-5.13869852569
He	0.674348042415	-3.90368890817	-1.1773660479
He	0.953923887496	-2.87234292071	-0.923667342702
He	-2.73449072089	5.86585869413	0.679444171691
He	-2.30562274844	1.99855491915	-3.72731963423
He	8.67962714805	-2.91302826247	-6.97737075685
He	-2.25028156866	1.56339017039	6.08155474717
He	-0.792238389461	0.435914044271	-0.483029510806
He	-1.224576557	-7.4837759231	4.23398084026
He	0.809854072626	-8.22805367773	7.00515630526
He	0.669855194326	-0.533384703658	-2.56655615381
He	-0.630004892198	-4.68592573752	-4.29543426814
He	4.97811271011	-5.85814216917	1.11348859713
He	-9.46580009526	-3.32161176852	-0.936740857432
He	1.44145733542	6.04129798558	-1.08441340988
He	2.79635234053	1.3044933573	-5.10217503287
He	-1.40857340019	2.15381314138	4.09096211774
He	-0.0933086649468	-1.79794156584	0.297328908674
He	-2.26808857844	-6.89580605583	-1.47383967353
He	7.23822883477	-6.57884829608	-8.66746318945
He	2.91992336681	-7.96142706025	-7.93026078226
He	3.45876858837	6.01102472705	0.196379833771
He	3.71103849706	2.00940632622	6.64333435939
He	-3.7765791644	8.87059721494	8.45298455692
He	5.03377835419	7.2591837596	2.0968124245
He	-7.84711432764	-2.87619051061	-1.95910872983
He	-2.97386364771	-10.1952439411	-1.40564225583
He	-1.65514631467	-1.29396855061	-7.04686344906
He	-2.08639666063	7.27049176361	-5.31405873942
He	2.98491017852	6.66545426121	-3.30458913412
He	10.0357384321	-8.53248902177	-3.46469547728
He	-0.811293535963	1.20492161558	3.33126901672
He	7.69785330058	5.53468475451	-3.1627694699
He	0.0812051889014	-0.767607718923	-1.18491869294
He	3.62546700203	0.419833787561	1.57182005423
He	2.27469619788	2.70843216909	-0.548468214479
He	5.12785433174	12.1556207113	-2.76363690879
He	-2.01864173515	-1.31216182709	1.03978275405
He	-11.4695387797	2.62449506781	1.29595339717
He	2.70239355859	-1.60016493964	-1.70331231032
He	1.974055221	-1.11988755394	-5.76254790985
He	-3.18349456472	1.21472085627	-2.7886882392
He	0.124137228817	-1.81344155682	1.506697031
He	6.34371238332	-2.4453375815	8.68354853811
He	8.44679390686	0.140187023449	3.94668408006
He	-5.1023998608	-0.278197567768	-1.30985971388
He	-0.318349836203	0.514211051203	3.00690192526
He	-6.60522732001	-2.85018552012	6.28823728247
He	-2.75808433542	-1.709073507	-0.995808377762
He	-7.46436220078	-6.88856292758	6.10610772163
He	0.879051360689	0.215204773431	1.45975768176
He	2.72007423706	6.93430321682	2.6439534161
He	5.16035243766	-1.38682976777	1.47552726897
He	6.32069188408	3.5288686056	-0.156020727363
He	1.22148546768	2.50406081533	5.84410837441
He	-2.34709588437	4.21736061123	-0.993802692534
He	3.9624331702	-9.88617192379	2.81786664515
He	-1.69426242215	-1.36655732061	4.59262532496
He	-5.31102196917	3.94738988572	2.74781517445
He	-0.118937960524	-3.5846514289	0.534163313537
He	5.28090451795	5.6608488225	3.67833859997
He	-6.95887547699	-3.57917583749	2.16159150784
He	-2.345355266	10.0799063801	-0.989645120447
He	-1.59662163981	-1.63642124828	3.67808066175
He	-4.82995137268	4.10719054825	-1.10640664857
He	-1.78033633601	-0.111288648359	-4.28433510095
He	-5.438876748	4.96842955823	-1.62255227068
He	0.740652712018	0.381108756207	0.0255200633222
He	0.476271290746	-3.1247080319	-4.00567327448
He	3.69544071597	-2.16766782529	-2.43471316495
He	-7.04233527893	-0.298601163175	5.21721522854
He	-5.4394157358	-1.63127839369	5.06795145868
He	-0.876203536905	-0.585209013583	7.16200138945
He	1.1288856019	-2.24253451779	-2.93735165222
He	1.05586948189	2.82824303307	-1.05687230363
He	0.420580992963	-2.18576801688	-10.1177061178
He	-6.3047152365	2.90397716401	-3.90053045764
He	-6.4806774104	-2.19658502048	-4.33532432759
He	4.21303826805	-7.57954541377	2.00071824652
He	-4.30394669547	-0.556000525647	2.0767308025
He	6.04640664673	-3.20416982507	-7.26638125844
He	-4.86729880626	3.79294219542	-1.96141239473
He	-1.96120233664	-4.43719356803	0.0809594027401
He	-1.46653194987	0.997263879525	-3.6250571015
He	2.61421528375	-2.73107289434	-0.867497404041
He	-4.49853013682	3.74658267405	0.74026863601
He	-12.2680484562	-1.85020659268	0.355965018224
He	-3.81755378928	2.5709505857	-1.7176197236
He	4.69652433169	3.81417153587	-2.58728607031
He	-7.5954107339	-4.63363687713	9.47899565121
He	-6.49386000198	-5.69315494227	-3.25888534008
He	-1.1633535171	2.83798892103	12.0641588403
He	-0.147154136052	-7.87245880971	-0.766541477005
He	-4.48793375048	-3.88349732661	-0.776160677193
He	-0.0696841147317	-2.03693313312	0.990888991107
He	-1.7196800032	3.08998248978	2.33611130971
He	-3.94442069209	4.05765339144	-3.84320869367
He	-4.84103174981	2.65268535798	-1.95712986947
He	1.9355047063	0.690216998701	-0.654947749077
He	2.14669138482	3.20515314093	1.06112532285
He	0.536294927922	0.0218157845271	-2.91792579199
He	-3.20742757818	-9.90010825108	4.66856956341
He	3.17597912704	4.18909795688	-2.7135930644
He	-3.04834531171	-0.98903411764	-4.89330702108
He	8.04039699101	1.13448408551	4.80069447251
He	3.50641281858	3.51435099418	-2.36378251401
He	6.77810500016	-1.20045600545	4.88151507072
He	-11.3126215814	-1.39193476093	1.4696647851
He	5.52805968044	0.162869265012	-6.79536425535
He	-3.46709417523	-3.80419964758	-0.769410693348
He	1.74926036619	8.35105126882	0.350542470482
He	-8.63483656938	5.07588328602	-6.01120293712
He	-1.15901199312	7.81792376476	4.99344696042
He	-0.368206754204	-3.6369766641	0.194529515701
He	-3.08125298742	2.53450378809	4.35025544961
He	-4.97131928371	3.20867669734	-1.3322363763
He	0.259596367291	4.51073109919	-2.50570810283
He	-6.08880955558	-3.73910319167	6.8330995985
He	3.47597237524	0.780698293901	5.78291688459
He	1.09975069983	0.643451631637	1.02559193163
He	2.78456324762	-2.99655349432	3.82933657676
He	-6.79931908246	0.666859252604	1.25687445304
He	8.33514697583	3.24276058073	-7.11081064833
He	0.76374555804	0.298587701299	-2.4562227954
He	-0.544561531981	4.7540002243	4.02023377695
He	-1.66523635004	-0.522164415948	-1.76886713331
He	3.88916726841	-8.3826013157	4.27601639993
He	3.66323391234	0.0495149326218	5.91950047146
He	-0.442752992454	5.42389965163	-3.20492012403
He	-2.18197793403	-0.770332355639	5.27976547408
He	5.87026001418	-0.932425147806	-4.98410746464
He	1.41103238755	-6.51727322592	3.92516885939
He	-7.09106585425	2.24913212919	6.09237546087
He	-1.69838804387	2.77360370126	1.23578265989
He	-3.23985954323	0.301740945522	0.0490071832579
He	0.0147721678633	-1.27643879859	-0.0617471790219
He	0.0582201341637	-7.96003351894	-1.99076442723
He	-6.56276564127	-1.97029714344	1.04241654556
He	5.75271772159	-4.91255809799	6.07768525104
He	8.19077078722	-3.07551386815	1.61819332568
He	7.68011713883	5.31612545611	-2.64390450302
He	-0.16568819822	-1.22115148955	-0.9346634497
He	3.11953411813	1.55248472725	-1.92532359399
He	-11.7433512991	-4.65831143953	3.82033026557
He	1.90372978372	0.678706547861	4.08579427618
He	1.68438641522	-11.3652123616	-0.602056286175
He	4.10099827554	10.8200538859	4.32055416202
He	-2.63587891605	-9.63046764942	-5.64285860527
He	8.76675440803	-0.327466505904	-4.46171119476
He	3.70797883424	0.723366067462	4.31756159449
He	-0.978125730951	11.754714166	-5.88157441871
He	-0.000762536421688	4.66503394426	-1.35063045657
He	-0.919081582199	7.24667610298	0.218151155879
He	3.8216950171	-1.81916941486	-0.345148993553
He	-0.581879526494	6.97065488409	1.9270181324
He	-0.713554763024	-1.45703068045	-2.41954315027
He	1.25826539975	1.15027602659	-7.98725331178
He	-2.79132170728	5.19225675627	-2.93305947774
He	1.93711647389	4.71769831586	-2.55157587232
He	0.335513730743	7.54620977286	-4.24234184534
He	6.49793070174	1.15503195706	4.89920280481
He	-3.12575714236	3.04504921488	-0.932283965154
He	-6.11003286297	-5.87525515282	-3.0606230882
He	-7.76988136784	1.52869717748	-2.46781924153
He	0.151095452353	3.37492152122	9.067718276
He	5.53424113991	2.3126972808	7.78020134164
He	-3.72964924306	4.89013653671	5.84124907388
He	-0.552371545573	-2.82415701099	-3.15832339112
He	5.55910516009	-4.6220157966	3.12976116029
He	2.28519922437	4.27219264683	8.18146247043
He	-1.63166403769	-11.174117802	2.02084883412
He	1.49519770625	-2.52690084461	-11.9755804849
He	-2.8693178301	-11.0249202003	-0.488449536688
He	1.34514159001	-2.60962539378	2.33041280102
He	7.90423068756	3.31991107695	0.306541282385
He	-7.23915505686	7.47087914061	1.37497217417
He	3.5855035116	-3.93391820793	7.13476599516
He	2.48918046383	0.374851432187	-0.181238457045
He	5.72517808267	5.46994439136	-1.01047649261
He	4.62179501887	-1.2166447098	-3.05286859934
He	-2.20277259051	-1.63614665518	-4.87685708579
He	-3.28926831232	-9.56494232871	3.48515470068
He	0.939025282209	2.43923032966	8.77623511718
He	5.89243751235	7.06880042982	0.522501132474
He	4.64338634682	1.8612406614	-5.94976485235
He	-0.728601995782	-5.80250705767	3.24384365689
He	2.9498792213	-0.346513274601	4.7275368142
He	5.08424558058	-7.7541907449	-2.29941024765
He	-1.51512237342	2.20277905881	-5.54636078642
He	-3.71229376991	0.841613747318	2.60759715126
He	-4.91992901641	7.51274573748	10.3807459371
He	10.8786348173	-10.1416688938	-5.65606193482
He	-4.00971302419	-1.69509750693	-1.5948913789
He	0.956711469222	-3.4141312795	-1.94097861458
He	-2.43662577707	8.47636064241	-4.29382119926
He	-4.84196473061	-10.922721987	6.61767294353
He	-3.08835547101	0.658355483771	-7.73619433869
